,Account Length,Area Code,VMail Message,Day Mins,Day Calls,Day Charge,Eve Mins,Eve Calls,Eve Charge,Night Mins,Night Calls,Night Charge,Intl Mins,Intl Calls,Intl Charge,CustServ Calls,Int'l Plan_yes,VMail Plan_yes
2728,-0.8227126822031764,-0.52642201221007,1.1675047211244378,-0.9976413117946494,-0.42570263028870126,-0.9975933066705267,1.4770423913557502,-0.10677324306675526,1.4766573685711606,0.2640146128040057,0.40375169410523587,0.26289552619113654,1.403236284219019,0.6319881298273955,1.3974123321044964,1.087630126285245,1,1
2570,0.7053490392544027,-0.52642201221007,-0.5877408509859608,-0.5510753458293759,-0.12453755309856747,-0.551134111018479,0.6207173017126142,0.04265303600855354,0.6197515249752681,1.1786847628522943,1.1762260645073788,1.1768892581302963,0.8009077397959159,0.6319881298273955,0.8068732328233507,-0.4265006588578013,0,0
1146,0.35464634908381076,-0.52642201221007,-0.5877408509859608,1.1947586774916523,-0.17473173263025643,1.1947051165312963,0.9809644083900713,-1.2523747159774559,0.9810415563292118,1.3549595241035703,1.2277243558675215,1.355335653413656,1.22608082997693,1.45140340296287,1.2268121478677212,-0.4265006588578013,0,0
1110,0.054044043223303424,-0.52642201221007,1.6794513463233043,0.09947754286077577,0.22682170362325532,0.09963691993196361,-0.06434277000189532,1.2878720283027933,-0.06345718816199762,-1.0560874881222184,0.5067482768255216,-1.055866858463937,1.5095295567642728,-0.18742714330807886,1.5155201519607253,0.3305647337137219,0,1
196,-0.4720099920325844,-0.6913895373220752,-0.5877408509859608,0.49642506816324106,-0.5260909893520792,0.496369425511386,0.630560118834949,-0.8539046384432992,0.63133133367251,-0.5605595481602973,0.40375169410523587,-0.5596988325541076,-0.40374934905029086,1.45140340296287,-0.4004511479292134,1.087630126285245,0,0
1837,1.7825073019212208,-0.6913895373220752,-0.5877408509859608,1.6541886836287651,0.07623916502818841,1.6541364922022899,1.0971096504336237,0.5407406329262495,1.0968396433016296,-0.6369452780358504,0.19775852866466442,-0.6380411524346069,0.6237522855538267,0.22228049325965835,0.6231499574914392,0.3305647337137219,0,0
322,-2.0000717134901635,-0.52642201221007,-0.5877408509859608,-0.6245841468113139,-1.1284211437323468,-0.6246431311258379,-1.794710020108371,-1.0531396772103776,-1.79579656926937,0.9083967956003377,0.40375169410523587,0.9070434896530208,-1.2186644385639012,1.0416957663951327,-1.2140827958276803,-1.1835660514293245,0,0
1613,1.456854803905671,-0.52642201221007,-0.5877408509859608,1.7607764450525754,0.12643334455987737,1.761156977358592,-0.22379640738372064,0.3913143538509407,-0.22325854818393467,0.44812380788867207,-0.36872267629690697,0.45004662368344056,-1.006077893473394,0.22228049325965835,-1.0041133383054954,0.3305647337137219,0,0
2250,1.3566540352855019,-0.6913895373220752,1.6063161141520377,-2.1756198475302067,0.12643334455987737,-2.175899658391428,1.0675811990666184,0.4909318732344799,1.0667321406888013,0.48729597705562233,-0.2142278022164784,0.4892177836236902,0.7654766489474982,0.22228049325965835,0.7675039595379413,-0.4265006588578013,0,1
2488,-0.8227126822031764,-0.52642201221007,-0.5877408509859608,0.5074513883105316,-1.6303629390492365,0.5071795755271743,0.9986814792102742,1.1384457492274846,0.999569250244799,-0.18450672415757496,-0.008234636775906986,-0.1853966375694995,0.23401028622123057,0.6319881298273955,0.22945722463734183,0.3305647337137219,0,0
1960,0.12919461968843027,1.712422971452857,-0.5877408509859608,-0.37465422347272476,-0.32531427122532336,-0.3749286657611333,1.4947594621759537,0.8894019507686367,1.495185062486748,0.4402893740552819,-1.810674834380907,0.4413419214744964,-0.510042621595544,-0.5971347798758161,-0.505435876690306,-1.1835660514293245,0,0
324,0.8055498078745718,1.712422971452857,-0.5877408509859608,-0.9682377914018743,0.37740424221832225,-0.9684059016278989,0.9927757889368736,-0.9535221578268384,0.9926213650264537,-1.2930791115822673,-0.6262141330976213,-1.2908938181054355,0.021423741130723633,-0.5971347798758161,0.019487767115156568,-0.4265006588578013,1,0
554,0.1792950039985148,1.712422971452857,-0.5877408509859608,0.1362319433517448,0.026044985496499442,0.13639142998564308,-0.019065811239154545,1.2878720283027933,-0.019453915112479337,0.2953523481375658,0.352253402745093,0.293361983922442,0.8363388306443337,1.45140340296287,0.8331194150136239,-0.4265006588578013,0,0
1399,1.8827080705413899,-0.52642201221007,1.0943694889531712,1.8967677268691603,1.4816761919154795,1.8962838525559431,-0.7533399685653385,-1.3021834756692257,-0.7536137865176086,-0.45675329986787944,0.19775852866466442,-0.45524240604677496,-1.0769400751702296,0.6319881298273955,-1.082851884876315,-0.4265006588578013,0,1
817,-0.42190960772249986,-0.52642201221007,1.8257218106658375,-0.383842823595467,0.2770158831549443,-0.3835767857737636,-1.0053160868971116,0.04265303600855354,-1.0060536161174798,0.24246991976218316,0.40375169410523587,0.24113377066877528,0.9780631940380051,5.548479768640242,0.9774734170601259,-0.4265006588578013,0,1
2291,-0.8728130665132608,-0.52642201221007,-0.5877408509859608,0.5276663085805645,-0.8272560665422131,0.5277188605571714,-0.5427036821473713,-0.6048608399844512,-0.542861268227808,1.247236058894457,0.352253402745093,1.2465268758018513,-0.6871980758376333,-0.5971347798758161,-0.6891591520222176,1.087630126285245,1,0
1815,0.7053490392544027,1.712422971452857,1.6794513463233043,0.23914426472645794,-0.07434337356687849,0.23908785513563016,0.4711064814531237,-0.6546695996762208,0.4715299736505729,-0.06699021665672417,-0.4717192590171927,-0.0678831577487498,0.021423741130723633,1.45140340296287,0.019487767115156568,0.3305647337137219,0,1
2759,1.907758262696432,-0.52642201221007,-0.5877408509859608,1.2627543183999448,0.8793460375352119,1.2628090616307615,-0.562389316392041,-1.3519922353609952,-0.5613889621433948,-0.17863089878253222,-0.6777124244577641,-0.17669193536055455,0.37573464961490205,-1.0068424164435532,0.3738112266838439,-0.4265006588578013,1,0
803,-1.323716525304022,1.712422971452857,1.0212342567819046,-0.5143209453384069,-1.8813338367076813,-0.5143796009647995,1.140418045771897,1.5369158267616414,1.1408429163511487,1.2178569320192445,0.4552499854653787,1.2160604180705459,1.9347026469452866,0.22228049325965835,1.935459067005096,0.3305647337137219,0,1
1453,-0.44695979987754214,1.712422971452857,2.0451275071796373,-1.5452818791100877,-0.6766735279471461,-1.5456679124709825,1.1955378216569728,0.24188807477563193,1.196425998097909,0.5401784054310049,0.4552499854653787,0.5414459968773562,1.084356466583259,-0.18742714330807886,1.0824581458212186,-1.1835660514293245,0,1
2569,0.003943658913218867,-0.52642201221007,1.4600456498095045,0.7408418314281852,-0.2249259121619454,0.7406788158681973,1.6719301703779819,-1.4018009950527648,1.6711981546848227,0.03877464009404166,0.5582465681856644,0.04092561986305494,-0.2974560765050371,0.6319881298273955,-0.2954664191681207,1.8446955188567684,0,1
2426,-0.09625710970695026,-0.6913895373220752,1.752586578494571,-1.6537073605584465,-0.6766735279471461,-1.6537694126288633,1.4849166450536186,0.6403581523097887,1.4859212155289538,-0.3098576654918159,0.352253402745093,-0.3116148195991927,-0.58090480329238,0.6319881298273955,-0.5841744232611255,0.3305647337137219,0,1
557,0.9057505764947409,1.712422971452857,-0.5877408509859608,-0.6025315065167327,0.9295402170669009,-0.6030228310942618,-0.15883381437631006,-0.4554345609091424,-0.15841161947938037,-0.5546837227852551,0.24925682002480729,-0.5553464814496355,-0.014007349717694715,-0.18742714330807886,-0.019881506170252878,-0.4265006588578013,0,0
834,-0.19645787832711936,-0.6913895373220752,1.752586578494571,-0.7697640287506416,-0.47589680982039023,-0.7694991413373982,-0.66081748761539,-1.4018009950527648,-0.6609753169396742,0.741915076640799,0.7642397336262359,0.7416541476830772,-1.2186644385639012,-0.5971347798758161,-1.2140827958276803,0.3305647337137219,0,1
2451,1.456854803905671,1.712422971452857,-0.5877408509859608,-1.1979527944704307,-0.12453755309856747,-1.1975810819626063,-0.16277094122524435,0.04265303600855354,-0.16304354295827697,1.135595376768649,0.40375169410523587,1.1377180981900465,0.6946144672506621,0.22228049325965835,0.6887654129671218,-1.1835660514293245,0,0
1769,1.1061521137350792,-0.6913895373220752,-0.5877408509859608,1.1341139166815533,1.8330354486373024,1.1341682764428835,-1.280914966322489,-0.0071557236832160585,-1.2816530631118346,1.499896550021287,1.1762260645073788,1.4989632398612385,1.0134942848864228,-0.5971347798758161,1.0168426903455359,-1.1835660514293245,0,0
1886,0.2794957726186839,-0.52642201221007,1.3869104176382379,0.6066882696361481,1.0299285761302788,0.6066329556724248,0.498666369395661,0.04265303600855354,0.49932151452395346,-0.21976167640782987,-0.05973292813604984,-0.22021544640527707,0.304872467918066,-0.5971347798758161,0.30819577120816133,1.8446955188567684,0,1
1985,-0.4720099920325844,-0.52642201221007,-0.5877408509859608,-0.23682522163159092,-1.1786153232640357,-0.2365587455590457,-1.3596575033011682,-1.0531396772103776,-1.360395762253079,-0.26676827940817033,-0.11123121949619269,-0.2680913085544709,-0.2974560765050371,-1.4165500530112904,-0.2954664191681207,3.3588263039998147,0,0
2763,-0.5972609528077958,-0.6913895373220752,2.63020936454977,-1.4111283173180509,0.829151858003523,-1.4116220522752103,0.6974912752668265,-0.7044783593679904,0.6984942241165122,0.04856768238577923,0.043263654584235874,0.04963032207199914,0.588321194705409,-1.0068424164435532,0.5837806842060291,-1.1835660514293245,1,1
2104,-0.522110376342669,1.712422971452857,1.0212342567819046,0.30162674556110536,0.728763498940145,0.30178672522720085,-0.9954732697747768,0.44112311354271033,-0.9944738074202382,-0.48613242674309215,-1.2956919207794784,-0.4857088637780804,-0.3328871673534548,-1.4165500530112904,-0.3348356924535308,-1.1835660514293245,0,1
2369,-2.4509751722809243,-0.6913895373220752,-0.5877408509859608,-0.7532245485297056,-0.07434337356687849,-0.7532839163137162,0.9809644083900713,0.3913143538509407,0.9810415563292118,1.6683368774391725,-0.6777124244577641,1.668704932935654,-1.4666820745028262,-0.5971347798758161,-1.4634215266352755,1.8446955188567684,0,0
1655,-1.2235157566838528,-0.52642201221007,-0.5877408509859608,-0.4591893446019534,0.47779260128170015,-0.4592478358842801,-1.3281604885096967,0.19207931508386233,-1.3279722979008017,-0.48809103520143954,-0.8322072985381926,-0.4900612148825525,-1.1478022568670654,-0.18742714330807886,-1.1484673403519978,1.8446955188567684,0,0
1866,-0.3217088391023308,-0.6913895373220752,1.3869104176382379,-1.591224879723799,0.2770158831549443,-1.5910705425372924,1.0065557329081423,-0.40562580121737285,1.0065171354631444,-0.2354305440746102,0.19775852866466442,-0.23762485082316545,0.23401028622123057,-1.4165500530112904,0.22945722463734183,-0.4265006588578013,0,1
2102,-0.1463574940170348,-0.52642201221007,1.0943694889531712,-0.36179018330088525,-0.6766735279471461,-0.3619564857421875,0.03014827437251997,0.04265303600855354,0.029181281415936396,-0.19429976644931254,1.1247277731472358,-0.1941013397784437,-1.006077893473394,-0.5971347798758161,-1.0041133383054954,-1.1835660514293245,0,1
1047,0.5299976941691067,-0.52642201221007,-0.5877408509859608,-0.7330096282596726,0.9797343965985899,-0.7327446312837187,0.6010316674679443,1.3874895476863327,0.6012238310596816,-0.25305802019973794,1.38221922994795,-0.25503425524105383,0.3403035587664837,0.22228049325965835,0.33444195339843447,0.3305647337137219,0,0
764,1.0560517294249945,1.712422971452857,-0.5877408509859608,-1.2843256356242079,0.6283751398767671,-1.2840622820889112,-0.6273519093994516,-2.0493148710457696,-0.6262358908479492,-0.6722002302861059,-0.31722438493676414,-0.6728599612703845,-0.36831825820187314,-1.0068424164435532,-0.37420496573894024,-0.4265006588578013,0,0
141,-0.6974617214279649,-0.52642201221007,-0.5877408509859608,0.6305786299552781,2.234588884890814,0.6304152857071584,1.331368697945194,1.7361508655287199,1.3307517789859142,0.7869630711827915,-0.4202209676570498,0.785177658727799,0.19857919537281285,3.499941585801556,0.20321104244706867,-0.4265006588578013,0,0
443,-0.9980640272884723,1.712422971452857,-0.5877408509859608,-1.8705583234551635,0.12643334455987737,-1.8710534279462039,-0.09780834821783377,2.433473501213494,-0.0981966142537235,-1.821903395336096,-0.008234636775906986,-1.8218806528510425,-0.049438440566112435,0.6319881298273955,-0.04612768836052603,0.3305647337137219,1,0
1756,-0.8477628743582186,-0.52642201221007,-0.5877408509859608,-0.7550622685542538,-1.7809454776443034,-0.7554459463168738,0.15810489696287372,0.44112311354271033,0.158875138825045,0.6146055268482107,-0.9352038812584784,0.6154359656533841,-0.36831825820187314,-0.5971347798758161,-0.37420496573894024,0.3305647337137219,0,0
2060,0.3045459647737262,1.712422971452857,-0.5877408509859608,-0.44081214435646887,2.0338121667640583,-0.4408705808574405,1.1010467772825576,-1.4018009950527648,1.1014715667805262,-0.5037599028682193,1.1762260645073788,-0.5031182681959692,0.588321194705409,0.22228049325965835,0.5837806842060291,0.3305647337137219,0,0
1937,0.9308007686497832,-0.52642201221007,2.118262739350904,-1.9146636040443266,0.07623916502818841,-1.914294028009356,-0.5367979918739707,2.333855981829955,-0.535913383009463,-0.7525031770783538,-0.2142278022164784,-0.7512022811508837,-0.7226291666860516,3.499941585801556,-0.7285284253076275,-1.1835660514293245,0,1
979,-0.7225119135830073,-0.52642201221007,-0.5877408509859608,-1.1354703136357833,0.2770158831549443,-1.1359632268726143,-0.6627860510398575,1.7859596252204895,-0.6632912786791225,0.25813878742896296,0.30075511138495015,0.25854317508666447,0.6946144672506621,-0.5971347798758161,0.6887654129671218,1.087630126285245,0,0
2044,1.907758262696432,-0.6913895373220752,-0.5877408509859608,-0.08429445959406931,-0.07434337356687849,-0.08413563033643373,-0.8970450985514278,-0.8539046384432992,-0.8972034143634071,-0.4234569560759714,-0.729210715817907,-0.4247759483154695,0.4465968313117375,-0.5971347798758161,0.4525497732546634,-0.4265006588578013,0,0
2649,-2.4509751722809243,-0.52642201221007,-0.5877408509859608,0.09212666276258187,0.9797343965985899,0.09206981492091192,0.05573959889059038,1.4372983073781023,0.05465686054986821,-0.5977731088689001,-0.5747158417374784,-0.5988699924943572,1.3678051933706012,-0.5971347798758161,1.3711661499142234,1.087630126285245,0,0
1650,0.15424481184347255,-0.52642201221007,-0.5877408509859608,0.9264515539075786,-1.7809454776443034,0.9266133961397521,1.1128581578293588,-1.003330917518608,1.1130513754777682,-1.8356136545445287,-0.6262141330976213,-1.8349377061644592,-0.6163358941407978,-0.5971347798758161,-0.6104206054513986,-0.4265006588578013,0,0
1517,1.1312023058901215,-0.6913895373220752,1.6794513463233043,0.41372766705856073,-0.47589680982039023,0.4142122853913968,0.7978880099146424,0.3913143538509407,0.7980805789127916,-0.6154005849940279,-1.1926953380591927,-0.616279396912246,-0.8643535300797228,-1.0068424164435532,-0.8597593362589934,-0.4265006588578013,0,1
610,1.1312023058901215,-0.52642201221007,1.752586578494571,-0.4775665448474379,-1.028032784668969,-0.47762509091112,-0.30253894436239986,-0.4554345609091424,-0.30200124732517886,-1.0345427950803958,0.352253402745093,-1.0341051029415762,-0.7226291666860516,-0.18742714330807886,-0.7285284253076275,1.087630126285245,0,1
2183,0.7554494235644872,-0.52642201221007,-0.5877408509859608,-0.8892158303462909,-0.2751200916936344,-0.8894918065126458,-0.42458987667935244,0.44112311354271033,-0.4247472195159417,0.9828239170175429,1.4852158126682358,0.981033458429048,1.8638404652484513,-0.5971347798758161,1.8698436115294133,-0.4265006588578013,0,0
411,-1.774619984094783,-0.52642201221007,1.6063161141520377,0.68754795071628,-1.3291978618591027,0.6877090807908355,0.25456450476175585,-0.7044783593679904,0.25382957014242774,0.5127578870141397,0.19775852866466442,0.5109795391460515,-1.289526620260737,-0.5971347798758161,-1.2928213423984998,-1.1835660514293245,0,1
1173,0.10414442753338798,1.712422971452857,-0.5877408509859608,0.8713199531711251,1.0299285761302788,0.8714816310592324,1.331368697945194,-0.5550520802926816,1.3307517789859142,-1.1305146095394236,-0.9352038812584784,-1.1298568272399643,0.9780631940380051,-0.18742714330807886,0.9774734170601259,-0.4265006588578013,0,0
1048,0.9308007686497832,-0.52642201221007,-0.5877408509859608,0.263034625045588,-0.877450246073902,0.2628701851703638,-0.2159221536858526,-0.15658200275852485,-0.21631066296558935,0.6106883099315153,0.09476194594437873,0.6110836145489112,-0.4391804398987086,-0.5971347798758161,-0.43982042121462284,2.6017609114282916,0,0
1861,1.732406917611136,1.712422971452857,2.118262739350904,-0.03467601893126134,1.4816761919154795,-0.03440894026380845,0.8254478978571802,0.14227055539209274,0.8258721197861721,0.822218023433047,-0.36872267629690697,0.8199964675635766,0.9780631940380051,-0.18742714330807886,0.9774734170601259,-1.1835660514293245,0,1
2459,-0.522110376342669,-0.6913895373220752,2.0451275071796373,0.18952582406364996,0.728763498940145,0.18936116506300488,1.0971096504336237,-1.1029484369021472,1.0968396433016296,0.27184904663739584,2.3091884744305213,0.27160022840008075,-2.2815971640164365,-0.18742714330807886,-2.2770531745337426,-0.4265006588578013,0,1
926,0.4297969255489376,-0.52642201221007,-0.5877408509859608,-0.7274964681860271,0.5781809603450782,-0.7273395562758246,-0.27104192957092826,-1.999506111354,-0.27189374471235,0.13474645455306994,2.82417138803195,0.13667734416144264,-0.8289224392313047,-1.4165500530112904,-0.8335131540687202,-1.1835660514293245,0,0
2623,0.2544455804636417,1.712422971452857,-0.5877408509859608,-1.8687206034306152,0.9295402170669009,-1.868891397943046,-0.05253138945509355,-0.30600828183383366,-0.051877379464755666,0.9299414886421602,-0.31722438493676414,0.9288052451753813,0.6591833764022444,-0.18742714330807886,0.6625192307768486,-0.4265006588578013,0,0
298,-0.2716084547922462,-0.52642201221007,-0.5877408509859608,-0.014461098661228487,-1.1786153232640357,-0.014950670235389938,0.19353903860327903,-0.05696448337498566,0.19361456491677007,1.4861862908128536,-2.171162873901907,1.485906186547822,-0.36831825820187314,0.6319881298273955,-0.37420496573894024,0.3305647337137219,0,0
1805,-0.797662490048134,1.712422971452857,1.3869104176382379,1.6321360433341838,-1.1284211437323468,1.632516192170714,0.9002533079869252,-0.5550520802926816,0.8999828954485196,1.388255867895478,0.09476194594437873,1.3901544622494337,2.1827202828842114,-0.5971347798758161,2.1847977978126902,-1.1835660514293245,0,1
1102,-1.3988671017691487,1.712422971452857,-0.5877408509859608,-1.8632074433569699,0.2770158831549443,-1.8634863229351522,-0.267104802721994,0.4909318732344799,-0.2672618212334534,-0.3294437500752911,0.5582465681856644,-0.3290242240170818,-1.006077893473394,0.22228049325965835,-1.0041133383054954,-0.4265006588578013,0,0
1073,-1.2485659488388952,-0.52642201221007,-0.5877408509859608,0.9135875137357392,1.4314820123837906,0.913641216120806,2.660149009460406,0.19207931508386233,2.6601138174292718,-0.16100342265740447,1.433717521308093,-0.15928253094266617,-0.22659389480820166,-1.4165500530112904,-0.22985096369243813,-0.4265006588578013,0,0
1735,0.10414442753338798,1.712422971452857,0.5092876315830384,-1.688624041024867,1.2307052942570347,-1.6883618926793853,-0.4915210331112299,2.084812183371107,-0.49191010995994433,1.3490836987285275,-0.7807090071780498,1.350983302309184,-0.19116280395978394,-1.4165500530112904,-0.19048169040702811,0.3305647337137219,0,1
1317,0.5299976941691067,1.712422971452857,1.0212342567819046,0.4504820675495298,-0.42570263028870126,0.4509667954450767,-1.206109556192744,1.0388282298439455,-1.2052263257100388,0.07794680926099193,0.1462602373045216,0.0800967798033046,-0.58090480329238,0.22228049325965835,-0.5841744232611255,0.3305647337137219,0,1
1179,0.2794957726186839,-0.6913895373220752,-0.5877408509859608,-0.22396118145975147,-0.6264793484154572,-0.2235865655400999,0.9258446325049962,-0.9535221578268384,0.9254584745824515,-0.8993988114544174,0.40375169410523587,-0.8991822187029381,0.588321194705409,-0.18742714330807886,0.5837806842060291,-1.1835660514293245,0,0
2452,0.054044043223303424,-0.52642201221007,1.898857042837104,-0.7568999885788021,-1.028032784668969,-0.7565269613184523,-1.1588640340055365,0.3913143538509407,-1.1589070909210715,-0.3372781839086807,-1.1926953380591927,-0.337728926226026,0.5528901038569913,1.0416957663951327,0.557534502015756,-0.4265006588578013,0,1
1512,-0.8227126822031764,1.712422971452857,-0.5877408509859608,-0.4169217840373388,-0.877450246073902,-0.4170882508227069,0.3943325078989114,-0.75428711905976,0.3951032362487775,0.3501933849712964,1.4852158126682358,0.34994254828058,0.6237522855538267,1.0416957663951327,0.6231499574914392,-0.4265006588578013,0,0
1177,0.0790942353783457,-0.6913895373220752,-0.5877408509859608,-0.22763662150884867,0.778957678471834,-0.22791062554641542,0.36086692968297235,0.5905493926180191,0.36036381015705166,0.291435131220871,-0.31722438493676414,0.293361983922442,0.5174590130085729,-1.0068424164435532,0.5181652287303465,1.8446955188567684,0,0
964,0.4548471177039799,-0.6913895373220752,1.1675047211244378,0.6838725106671828,-0.32531427122532336,0.6833850207845203,-1.223826627012947,-2.3979761888881566,-1.2237540196256258,-1.208858947873324,-0.7807090071780498,-1.208199147120464,0.37573464961490205,-0.18742714330807886,0.3738112266838439,-1.1835660514293245,0,1
1011,1.3566540352855019,-0.6913895373220752,2.2645332036934374,0.060885422345258414,0.2770158831549443,0.060720379875126566,0.08329948683312823,0.04265303600855354,0.08244840142324875,1.227649974310982,-0.5232175503773355,1.2291174713839623,-1.8209929829870046,1.0416957663951327,-1.8177449862039627,-0.4265006588578013,0,1
2600,0.730399231409445,-0.6913895373220752,-0.5877408509859608,1.6872676440706373,1.4314820123837906,1.687647957251233,0.7152083460870289,1.3874895476863327,0.7147059562926508,0.177835840636715,-0.4717192590171927,0.17584850410169228,-0.5454737124439624,-1.0068424164435532,-0.5448051499757155,1.8446955188567684,0,0
1229,0.7554494235644872,-0.6913895373220752,-0.5877408509859608,-1.2953519557714985,-0.2751200916936344,-1.294872432104699,2.583375035906194,-2.5972112276552353,2.5836870800274765,1.1277609429352595,0.40375169410523587,1.1290133959811024,-1.289526620260737,1.0416957663951327,-1.2928213423984998,-0.4265006588578013,0,0
402,0.2043451961535571,-0.52642201221007,1.3137751854669713,0.6838725106671828,1.8832296281689913,0.6833850207845203,-1.0899643141491921,0.5407406329262495,-1.0894282387376208,1.5606134122300592,-1.2441936294193354,1.5598961553238493,-0.3328871673534548,-0.5971347798758161,-0.3348356924535308,-1.1835660514293245,1,1
1273,-0.7225119135830073,1.712422971452857,-0.5877408509859608,1.6982939642179276,-0.6264793484154572,1.6984581072670213,-1.8301441617487766,1.2380632686110238,-1.8305359953610956,-0.30398184011677315,-0.9867021726186213,-0.3029101173902485,0.8717699214927513,-1.0068424164435532,0.8724886882990339,-1.1835660514293245,0,0
194,-0.17140768617207708,-0.6913895373220752,-0.5877408509859608,0.03331962197703165,-0.777061887010524,0.03369500483565636,0.03014827437251997,-0.10677324306675526,0.029181281415936396,0.879017668725125,-0.16272951085633555,0.8809293830261875,-0.36831825820187314,-1.0068424164435532,-0.37420496573894024,1.8446955188567684,0,0
239,1.4318046117506287,-0.52642201221007,-0.5877408509859608,-0.40405774386549986,0.2770158831549443,-0.40411607080376105,1.8038239198172694,0.6901669120015583,1.8032079738333793,0.7850044627244441,-0.5747158417374784,0.785177658727799,-0.40374934905029086,-0.18742714330807886,-0.4004511479292134,-0.4265006588578013,0,0
1208,-0.9479636429783878,-0.52642201221007,-0.5877408509859608,-0.28460594226985053,-1.2790036823274138,-0.2841234056285134,-1.0427187919619845,0.8894019507686367,-1.0431090039486535,1.0122030438927556,-0.16272951085633555,1.0114999161603526,0.3403035587664837,-1.0068424164435532,0.33444195339843447,-1.1835660514293245,0,0
2306,-1.2736161409939373,-0.52642201221007,-0.5877408509859608,2.1191318498395235,1.3310936533204127,2.118972942881178,-1.4462742939777156,-0.0071557236832160585,-1.4460863466126679,-0.6702416218277579,0.24925682002480729,-0.6685076101659123,-0.22659389480820166,0.6319881298273955,-0.22985096369243813,-0.4265006588578013,0,0
2319,-0.3217088391023308,-0.52642201221007,-0.5877408509859608,0.035157342001579994,-0.5260909893520792,0.034776019837235335,-0.9718505086811733,-0.6546695996762208,-0.9713141900257543,-1.1363904349144662,-0.008234636775906986,-1.1342091783444364,-0.9706468026249763,-0.5971347798758161,-0.9647440650200859,-0.4265006588578013,0,0
439,-0.1463574940170348,1.712422971452857,2.4108036680359706,-0.7936543890697713,-0.47589680982039023,-0.7932814713721318,-0.0013487404189516073,-1.9496973516622302,-0.0009262211968920378,-1.3185410215407853,-1.7076782516606213,-1.3170079247322688,0.021423741130723633,1.8611110395306072,0.019487767115156568,2.6017609114282916,1,1
1174,0.9809011529598678,-0.52642201221007,1.3869104176382379,0.16379774371997155,1.1805111147253458,0.16341680502511327,-0.786805546781277,0.09246179570032313,-0.7860372508698857,-0.06503160819837676,-0.008234636775906986,-0.06353080664427771,0.4465968313117375,0.22228049325965835,0.4525497732546634,1.8446955188567684,1,1
1133,0.12919461968843027,-0.6913895373220752,-0.5877408509859608,-0.8506237098307736,-2.784829068278083,-0.8505752664558088,-0.25726198559965907,0.34150559415917114,-0.25799797427565974,-0.3744917446172835,-0.5747158417374784,-0.37254773506180355,0.16314810452439452,-1.0068424164435532,0.16384176916165924,-0.4265006588578013,1,0
2447,0.8306000000296141,-0.52642201221007,3.06902075757737,0.5295040286051134,1.4816761919154795,0.5298808905603294,-1.3380033056320315,0.19207931508386233,-1.337236144858595,-1.25978276779036,0.352253402745093,-1.2604273603741298,0.304872467918066,-0.18742714330807886,0.30819577120816133,0.3305647337137219,0,1
862,0.4548471177039799,1.712422971452857,-0.5877408509859608,0.1913635440881983,-1.3291978618591027,0.19152319506616208,0.28999864640216116,0.6403581523097887,0.2908849579736007,-0.7799236954952191,0.5582465681856644,-0.7816687388821892,-0.08486953141453014,-1.4165500530112904,-0.08549696164593548,0.3305647337137219,0,0
2530,-0.42190960772249986,-0.52642201221007,-0.5877408509859608,0.8437541528028983,-0.7268677074788351,0.8433752410181836,1.4711367010823502,0.24188807477563193,1.472025445092264,0.007436904760481561,0.40375169410523587,0.006106811027277396,1.4386673750674375,-0.5971347798758161,1.4367816053899058,1.087630126285245,0,0
1647,1.1061521137350792,-0.6913895373220752,-0.5877408509859608,0.35308290624846167,1.1805111147253458,0.35259443030140475,-1.4738341819202534,-0.7044783593679904,-1.473877887486048,1.727095131189598,1.794205560829093,1.725285497293792,-0.9352157117765585,-0.5971347798758161,-0.9384978828298128,-0.4265006588578013,0,0
368,-0.24655826263720393,-0.6913895373220752,-0.5877408509859608,-0.8506237098307736,-1.2790036823274138,-0.8505752664558088,-0.10961972876463554,-0.6546695996762208,-0.10977642295096464,1.5566961953133645,-0.5747158417374784,1.5555438042193765,-1.5375442561996615,-1.0068424164435532,-1.5421600732060945,-1.1835660514293245,0,0
1475,-0.3968594155674576,-0.52642201221007,-0.5877408509859608,1.384043840020143,0.678569319408456,1.3838827418075876,-0.12339967273590474,-0.8539046384432992,-0.12367219338765531,1.4803104654378119,-1.1411970466990498,1.4815538354433493,-2.317028254864854,0.22228049325965835,-2.316422447819152,1.087630126285245,0,0
2356,-0.5471605684977112,-0.52642201221007,0.6555580959255716,-0.22212346143520312,0.678569319408456,-0.2225055505385213,0.8431649686773827,-0.35581704152560323,0.8420838519623107,0.21309079288697047,0.712741442266093,0.21501966404194192,-0.40374934905029086,-1.0068424164435532,-0.4004511479292134,-0.4265006588578013,0,1
414,-1.2235157566838528,-0.6913895373220752,-0.5877408509859608,0.6379295100534715,-1.6303629390492365,0.6379823907182102,-0.8320825055440177,1.8855771446040286,-0.8323564856588528,-1.5202776927505788,0.712741442266093,-1.5215684266424616,-0.2974560765050371,-0.18742714330807886,-0.2954664191681207,0.3305647337137219,0,0
2231,1.181302690200206,-0.6913895373220752,-0.5877408509859608,-0.4849174249456318,2.385171423485881,-0.4851921959221717,1.2053806387793078,-0.6546695996762208,1.205689845055703,0.47946154322223217,-0.05973292813604984,0.480513081414746,-0.15573171311136558,-0.5971347798758161,-0.15111241712161866,0.3305647337137219,0,0
32,-2.2756238271956284,-0.6913895373220752,-0.5877408509859608,0.11234158303261473,0.5781809603450782,0.11260909995090941,-0.210016463412452,-1.7006535532033824,-0.209362777747244,1.6017441898553575,-2.22266116526205,1.6034196663685711,0.4111657404633198,0.6319881298273955,0.41318049996925393,0.3305647337137219,0,0
2829,-0.8227126822031764,-0.52642201221007,-0.5877408509859608,0.9393155940794176,-2.182498913897815,0.9395855761586976,-0.9344478036163005,-2.248549909812848,-0.9342588021945809,-0.19038254953261718,1.1762260645073788,-0.1897489886739716,-0.22659389480820166,-0.18742714330807886,-0.22985096369243813,1.087630126285245,0,0
67,-0.2716084547922462,-0.52642201221007,-0.5877408509859608,-0.016298818685776834,-1.4797804004541697,-0.016031685236968914,-0.20214220971458396,-0.9535221578268384,-0.20241489252889946,-1.4360575290416357,-0.4717192590171927,-1.4345214045530177,0.1277170136759768,1.0416957663951327,0.1244724958762492,1.087630126285245,0,0
2832,-0.6724115292729227,-0.52642201221007,1.2406399532957046,0.9999603548895166,0.6283751398767671,1.0001224162471112,1.2801860489090522,-0.9037133981350688,1.2798006207180506,0.7908802880994869,-1.1926953380591927,0.7895300098322712,1.22608082997693,-0.18742714330807886,1.2268121478677212,-1.1835660514293245,0,1
2599,-0.9479636429783878,-0.6913895373220752,1.2406399532957046,0.1840126639900044,1.8330354486373024,0.18395609005511038,-1.6588791438201496,-1.2025659562856863,-1.659154826641917,-1.165769561789679,0.5067482768255216,-1.1646756360757418,0.6946144672506621,-1.0068424164435532,0.6887654129671218,-0.4265006588578013,0,1
990,-0.7225119135830073,-0.52642201221007,-0.5877408509859608,0.5111268283596289,-0.42570263028870126,0.5115036355334894,-0.10174547506676807,0.4909318732344799,-0.10282853773262011,-0.31769209932520553,1.2277243558675215,-0.31596717070366476,1.0134942848864228,-0.18742714330807886,1.0168426903455359,-1.1835660514293245,0,0
1566,0.4798973098590222,1.712422971452857,2.557074132378504,-0.038351458980358036,0.829151858003523,-0.03873300027012398,-0.5072695405069659,-1.501418514436304,-0.5081218421360825,-0.7779650870368712,0.8672363163465215,-0.777316387777717,0.4465968313117375,-0.18742714330807886,0.4525497732546634,-0.4265006588578013,0,1
1265,0.6301984627892758,-0.52642201221007,1.6063161141520377,-0.4885928649947285,-0.5260909893520792,-0.48843524092690827,-0.9738190721056401,-0.15658200275852485,-0.973630151765203,-0.9248607214129346,-0.16272951085633555,-0.9252963253297715,0.9072010123411697,-0.18742714330807886,0.9118579615844433,1.8446955188567684,0,1
1752,0.6552486549443182,1.712422971452857,1.2406399532957046,0.43761802737769084,0.8793460375352119,0.4379946154261305,1.3038088100026568,-2.5972112276552353,1.3029602381125338,0.471627109388842,0.24925682002480729,0.4718083792058018,-1.041508984321812,0.22228049325965835,-1.043482611590905,-1.1835660514293245,0,1
572,-0.42190960772249986,1.712422971452857,2.483938900207237,-0.26990418207346273,-0.17473173263025643,-0.27007021060798864,0.4455151569350528,0.8894019507686367,0.44605439451664114,1.1708503290189045,-1.450186794859907,1.1725369070258242,-0.9352157117765585,1.0416957663951327,-0.9384978828298128,1.087630126285245,0,1
1195,-0.8978632586683032,-0.52642201221007,-0.5877408509859608,-1.3651853167043395,-0.2751200916936344,-1.3651384072073216,-1.1628011608544702,-0.0071557236832160585,-1.163539014399968,-0.40191226303414884,0.24925682002480729,-0.403014192793109,-1.289526620260737,3.0902339492338187,-1.2928213423984998,0.3305647337137219,0,0
1444,1.0811019215800368,1.712422971452857,-0.5877408509859608,1.8103948857153833,-0.2751200916936344,1.8108836674312172,0.7841080659433732,-0.505243320600912,0.7841848084761017,-1.5868703803343944,-0.5232175503773355,-1.5868536932095443,0.4820279221601552,0.22228049325965835,0.4787959554449365,-0.4265006588578013,0,0
2397,2.2083605685569396,1.712422971452857,-0.5877408509859608,0.7334909513299913,-1.028032784668969,0.7331117108571455,-1.1332727094874655,0.839593191076867,-1.1334315117871396,-1.3792578837495582,-1.6046816689403356,-1.3779408401948792,0.5174590130085729,1.0416957663951327,0.5181652287303465,-0.4265006588578013,0,0
1491,0.8306000000296141,-0.6913895373220752,-0.5877408509859608,0.41740310710765743,0.22682170362325532,0.41745533039613336,0.4730750448775906,-0.505243320600912,0.4738459353900217,1.035706345392926,0.40375169410523587,1.0376140227871862,0.6591833764022444,1.0416957663951327,0.6625192307768486,-1.1835660514293245,0,0
2818,-0.2966586469472885,-0.52642201221007,-0.5877408509859608,-0.023649698783970743,-0.9778386051372799,-0.023598790248020602,0.6463086262306845,-1.3021834756692257,0.6452271041091998,-1.35379597379104,1.0217311904269502,-1.3518267335680458,-0.40374934905029086,-0.18742714330807886,-0.4004511479292134,-0.4265006588578013,0,0
1532,0.6051482706342336,-0.52642201221007,-0.5877408509859608,0.13439422332719644,0.8793460375352119,0.1342293999824855,-0.7907426736302112,0.5407406329262495,-0.7906691743487824,1.22960858276933,0.6097448595458073,1.2291174713839623,-0.22659389480820166,-1.0068424164435532,-0.22985096369243813,-1.1835660514293245,1,0
1798,-1.0231142194435145,-0.6913895373220752,-0.5877408509859608,2.0180572484893586,0.026044985496499442,2.0184385477343487,1.0774240161889534,0.7399756716933279,1.0783119493860431,0.8183008065163522,-1.2441936294193354,0.8199964675635766,0.5174590130085729,-0.18742714330807886,0.5181652287303465,0.3305647337137219,0,0
2564,-1.0982647959086413,-0.52642201221007,-0.5877408509859608,-1.7290538815649328,-0.42570263028870126,-1.72944046273938,-0.13717961670717338,1.3376807879945631,-0.13756796382434516,0.596978050723083,-0.36872267629690697,0.598026561235495,-0.049438440566112435,-1.0068424164435532,-0.04612768836052603,-1.1835660514293245,0,0
410,-0.97301383513343,-0.6913895373220752,-0.5877408509859608,-0.13207518023232892,0.026044985496499442,-0.13170029040590142,0.07739379655972761,-0.15658200275852485,0.07781647794435213,0.779128637349402,-0.5232175503773355,0.7808253076233269,-0.40374934905029086,1.45140340296287,-0.4004511479292134,0.3305647337137219,0,0
907,0.10414442753338798,1.712422971452857,2.483938900207237,-1.4350186776371807,-1.078226964200658,-1.435404382309944,0.43764090323718474,-0.15658200275852485,0.4367905475588479,0.7947975050161817,-1.1926953380591927,0.7938823609367432,0.9426321031895875,-1.0068424164435532,0.9381041437747165,-1.1835660514293245,0,1
1814,2.534013066572489,1.712422971452857,-0.5877408509859608,-1.1869264743231398,1.8330354486373024,-1.186770931946818,-0.43640125722615475,-1.501418514436304,-0.43632702821318364,-0.3000646232000784,0.6612431509059501,-0.29855776628577635,-1.5021131653512438,-0.5971347798758161,-1.5027907999206849,1.087630126285245,0,0
1727,0.730399231409445,1.712422971452857,-0.5877408509859608,-0.7513868285051571,-1.4295862209224806,-0.7511218863105587,0.8884419274401234,0.5905493926180191,0.8884030867512777,0.121036195344637,1.0732294817870929,0.11926793974355424,0.4111657404633198,1.8611110395306072,0.41318049996925393,2.6017609114282916,0,0
900,0.3295961569287685,-0.52642201221007,-0.5877408509859608,0.21157846435823116,-0.6264793484154572,0.21206248009615997,-0.5053009770824991,-1.1029484369021472,-0.5058058803966342,0.3776139033881617,0.9187346077066644,0.3760566549074134,-3.6279786162563146,-1.8262576895790277,-3.628731557332809,-1.1835660514293245,0,0
498,0.6301984627892758,1.712422971452857,-0.5877408509859608,-1.0582860726047483,-0.6264793484154572,-1.0581301467589401,-1.1234298923651305,0.5407406329262495,-1.124167664829346,-0.8621852507458144,0.30075511138495015,-0.8600110587626885,0.4465968313117375,-0.5971347798758161,0.4525497732546634,-0.4265006588578013,0,0
942,-0.04615672539686569,-0.6913895373220752,0.8018285602681048,-1.6959749211230608,0.12643334455987737,-1.6959289976904368,0.43567233981271786,-0.7044783593679904,0.4367905475588479,-0.36665731078389335,0.6097448595458073,-0.3681953839573315,-1.041508984321812,-0.18742714330807886,-1.043482611590905,0.3305647337137219,0,1
1551,-1.2736161409939373,-0.6913895373220752,-0.5877408509859608,2.2367459314106237,-0.927644425605591,2.2368035780532676,-0.6647546144643244,0.8894019507686367,-0.6656072404185712,-2.5230852234245056,-0.5747158417374784,-2.5226091806710653,0.09228592282755907,0.6319881298273955,0.09822631368597604,-0.4265006588578013,0,0
1149,0.7053490392544027,-0.6913895373220752,-0.5877408509859608,0.11050386300806637,1.3310936533204127,0.11044706994775184,1.2093177656282414,-0.20639076245029445,1.2103217685345997,-2.0001367650457196,-1.9136714171011926,-2.000327048134402,0.4465968313117375,0.6319881298273955,0.4525497732546634,1.8446955188567684,0,0
1711,0.8306000000296141,-0.6913895373220752,-0.5877408509859608,0.07007402246800067,0.5279867808133891,0.07044951488933582,-1.523048267531928,-0.40562580121737285,-1.5225130840144638,-0.7897167377869567,0.24925682002480729,-0.7903734410911334,-1.4666820745028262,-1.0068424164435532,-1.4634215266352755,-0.4265006588578013,0,0
1078,0.8556501921846563,-0.52642201221007,-0.5877408509859608,1.5402500421067613,-1.7307512981126145,1.5406299170365152,0.9927757889368736,0.7897844313850975,0.9926213650264537,-0.018025005198036334,0.6097448595458073,-0.020007295599555962,-0.6517669849892155,-1.0068424164435532,-0.649789878736808,2.6017609114282916,0,0
2631,-0.19645787832711936,-0.52642201221007,-0.5877408509859608,-0.12839974018323222,1.5318703714471684,-0.12845724540116488,-0.2060793365635177,0.3913143538509407,-0.2070468160077961,1.7427639988563783,-1.759176543020764,1.7426949017116813,0.05685483197914135,-1.0068424164435532,0.05885704040056659,-1.1835660514293245,0,0
1058,-1.148365180218726,-0.6913895373220752,0.8749637924393714,0.17114862381816545,-0.2751200916936344,0.17098391003616498,-1.61950787533081,0.6403581523097887,-1.6197834770712949,0.9632378324340677,0.09476194594437873,0.9636240540111589,0.8009077397959159,-0.18742714330807886,0.8068732328233507,0.3305647337137219,0,1
2539,-1.3487667174590643,-0.52642201221007,1.4600456498095045,-0.13023746020778057,0.42759842175001117,-0.13061927540432244,-1.2454808246820837,-0.30600828183383366,-1.244597675280661,0.05444350776082199,0.4552499854653787,0.053982673176471235,-0.6871980758376333,0.6319881298273955,-0.6891591520222176,-0.4265006588578013,0,1
2147,0.2043451961535571,1.712422971452857,-0.5877408509859608,-0.49410602506837403,0.07623916502818841,-0.493840315934802,0.6541828799285526,-1.1527571965939167,0.6544909510669931,2.510538514528603,-1.3471902121396213,2.5087086960987866,-0.12030062226294787,1.8611110395306072,-0.12486623493134551,1.087630126285245,0,0
1457,-0.021106533241823412,-0.52642201221007,-0.5877408509859608,0.15644686362177765,2.585948141612637,0.15693071501564018,-1.0348445382641165,0.7399756716933279,-1.0338451569908602,-0.4156225222425812,-0.6262141330976213,-0.4160712461065253,1.7575471927031974,0.22228049325965835,1.7517357916731833,0.3305647337137219,0,0
1397,-0.24655826263720393,-0.6913895373220752,1.6794513463233043,1.7093202843652187,-1.1284211437323468,1.7092682572828088,0.28803008297769433,-0.10677324306675526,0.28856899623415283,-1.886537474461564,0.712741442266093,-1.8871659194181254,-0.22659389480820166,-1.0068424164435532,-0.22985096369243813,-0.4265006588578013,0,1
612,-1.4990678703893179,-0.52642201221007,-0.5877408509859608,0.5497189488751463,0.22682170362325532,0.5493391605887479,-1.5545452823233994,0.24188807477563193,-1.554936548366741,1.0317891284762306,0.19775852866466442,1.0332616716827139,-0.22659389480820166,-0.18742714330807886,-0.22985096369243813,-0.4265006588578013,0,0
30,-1.2235157566838528,-0.6913895373220752,-0.5877408509859608,0.2189293444564251,0.37740424221832225,0.21854857010563228,1.356960022463265,-0.20639076245029445,1.356227358119846,0.7007842990155014,-0.6777124244577641,0.7024829877428276,-0.8643535300797228,0.22228049325965835,-0.8597593362589934,1.087630126285245,0,0
2083,0.4548471177039799,-0.52642201221007,-0.5877408509859608,0.9264515539075786,0.829151858003523,0.9266133961397521,0.4750436083020575,0.04265303600855354,0.47616189712946955,-0.049362740531596436,0.5582465681856644,-0.05047375333086141,-0.9352157117765585,0.6319881298273955,-0.9384978828298128,1.087630126285245,0,0
1338,0.4798973098590222,-0.52642201221007,1.533180881980771,1.1818946373198134,1.9836179872323692,1.1817329365123508,2.39045582030843,-0.5550520802926816,2.3914622556532623,-0.6702416218277579,-0.8837055898983356,-0.6685076101659123,0.1277170136759768,0.6319881298273955,0.1244724958762492,-1.1835660514293245,0,1
535,-0.9479636429783878,-0.52642201221007,-0.5877408509859608,0.5736093091942758,-1.028032784668969,0.5731214906234815,0.7250511632093638,-0.35581704152560323,0.723969803250444,1.1395125936853439,-2.171162873901907,1.1377180981900465,0.7300455580990804,-1.0068424164435532,0.7281346862525312,-1.1835660514293245,0,0
2782,-1.0231142194435145,-0.52642201221007,-0.5877408509859608,0.0057538216088048886,-1.6805571185809256,0.005588614794607174,0.14038782614267076,-1.601036033819843,0.14034744490945772,-0.38820200382571646,0.043263654584235874,-0.38995713947969196,0.9072010123411697,0.6319881298273955,0.9118579615844433,0.3305647337137219,0,0
2767,-0.3217088391023308,-0.6913895373220752,-0.5877408509859608,1.7387238047579943,0.22682170362325532,1.738455662325437,-0.7828684199323432,1.0388282298439455,-0.7837212891304375,-0.12966568732384437,1.1762260645073788,-0.1288160732113607,-0.36831825820187314,-0.18742714330807886,-0.37420496573894024,0.3305647337137219,0,0
354,-0.3217088391023308,1.712422971452857,-0.5877408509859608,-0.7660885887015444,0.778957678471834,-0.7662560963326616,0.6915855849934254,1.8855771446040286,0.6915463388981669,-0.4293327814510141,0.5067482768255216,-0.4291282994199416,-0.22659389480820166,-0.18742714330807886,-0.22985096369243813,1.087630126285245,0,0
1210,-1.3487667174590643,-0.6913895373220752,2.118262739350904,-1.2347071949613997,2.485559782549259,-1.2343355920162857,0.8471020955263169,-0.15658200275852485,0.8467157754412072,-0.4371672152844043,0.6097448595458073,-0.43783300162888655,1.0489253757348407,0.6319881298273955,1.0430888725358092,0.3305647337137219,0,1
178,-1.3988671017691487,-0.52642201221007,1.0212342567819046,0.30530218561020206,-0.8272560665422131,0.3050297702319374,2.211316548681934,-0.40562580121737285,2.210817239976291,-0.7387929178699209,0.40375169410523587,-0.7381452278374675,0.588321194705409,-0.5971347798758161,0.5837806842060291,-1.1835660514293245,0,1
211,0.4297969255489376,-0.6913895373220752,-0.5877408509859608,-0.36730334337453086,1.1303169351936568,-0.3673615607500816,-0.5013638502335648,-0.20639076245029445,-0.5011739569177376,-0.31769209932520553,-0.05973292813604984,-0.31596717070366476,-0.12030062226294787,-0.5971347798758161,-0.12486623493134551,0.3305647337137219,1,0
296,-1.1233149880636837,-0.6913895373220752,-0.5877408509859608,0.31265306570839596,0.47779260128170015,0.31259687524298907,0.43173521296378414,0.09246179570032313,0.43215862407995126,0.47554432630553733,-0.4717192590171927,0.47616073031027395,0.1277170136759768,0.6319881298273955,0.1244724958762492,0.3305647337137219,0,0
927,0.40474673339389533,-0.52642201221007,-0.5877408509859608,-0.6503122271549924,0.728763498940145,-0.6505874911637295,1.140418045771897,-1.7006535532033824,1.1408429163511487,1.0219960861844932,0.6612431509059501,1.0202046183692977,-1.006077893473394,1.8611110395306072,-1.0041133383054954,0.3305647337137219,0,0
1637,-0.7726122978930918,-0.52642201221007,-0.5877408509859608,-0.08429445959406931,1.4816761919154795,-0.08413563033643373,-0.8143654347238148,1.4871070670698718,-0.813828791743266,1.1669331121022097,-0.2142278022164784,1.1681845559213522,0.4820279221601552,-0.18742714330807886,0.4787959554449365,-1.1835660514293245,0,0
1406,0.6802988470993604,-0.52642201221007,-0.5877408509859608,1.2370262380562669,-0.47589680982039023,1.2368647015928698,-0.3576587202474755,-1.999506111354,-0.3575843290719395,-1.1324732179977715,0.6097448595458073,-1.1342091783444364,1.5803917384611081,-1.0068424164435532,1.5811356074364087,1.087630126285245,0,0
1271,-0.37180922341241535,-0.52642201221007,-0.5877408509859608,-0.8010052691679651,0.17662752409156635,-0.8008485763831835,0.03211683779698684,0.4909318732344799,0.031497243155385116,0.5813091830563026,-0.729210715817907,0.5806171568176066,0.4465968313117375,-1.4165500530112904,0.4525497732546634,1.087630126285245,0,0
2675,-1.4990678703893179,1.712422971452857,-0.5877408509859608,0.5001005082123378,1.8832296281689913,0.49961247051612256,0.26047019503515645,-0.8539046384432992,0.2607774553607723,-0.15708620574070967,0.24925682002480729,-0.15493017983819407,0.588321194705409,-0.18742714330807886,0.5837806842060291,-0.4265006588578013,0,0
748,-0.6974617214279649,-0.52642201221007,-0.5877408509859608,0.6287409099307293,-0.5260909893520792,0.6282532557040005,-0.08009127739763083,-1.1029484369021472,-0.0796689203381362,-0.8445577746206867,0.6097448595458073,-0.8426016543447997,-1.5375442561996615,1.45140340296287,-1.5421600732060945,-1.1835660514293245,0,0
1991,0.4548471177039799,-0.52642201221007,-0.5877408509859608,-1.4919879983981827,-0.17473173263025643,-1.491617162392042,-1.0624044262066543,-1.601036033819843,-1.0616366978642404,-0.2021342002827027,0.24925682002480729,-0.20280604198738791,-0.08486953141453014,-0.18742714330807886,-0.08549696164593548,1.087630126285245,0,0
73,0.5299976941691067,-0.6913895373220752,-0.5877408509859608,-0.1743427407969435,-0.32531427122532336,-0.17385987546747503,-0.5348294284495038,0.44112311354271033,-0.535913383009463,0.9319000971005076,-1.2956919207794784,0.9331575962798534,0.37573464961490205,-1.0068424164435532,0.3738112266838439,-0.4265006588578013,0,0
2423,-0.6473613371178804,-0.52642201221007,0.8018285602681048,0.5570698289733401,-0.5260909893520792,0.5569062655997995,0.8057622636125105,-0.6546695996762208,0.8050284641311369,0.2875179143041756,0.09476194594437873,0.2890096328179699,1.0134942848864228,-0.5971347798758161,1.0168426903455359,1.8446955188567684,0,1
63,0.6802988470993604,-0.52642201221007,-0.5877408509859608,1.0642805557487125,1.2307052942570347,1.0639023013402604,0.919938942231595,-0.35581704152560323,0.9208265511035548,0.15433253913654507,-1.6561799603004783,0.1540867485793318,1.296943011673766,-0.18742714330807886,1.292427603343404,-0.4265006588578013,0,0
1068,-0.6724115292729227,-0.52642201221007,-0.5877408509859608,-0.3176849027117229,0.07623916502818841,-0.3176348706774563,1.7939811026949344,0.24188807477563193,1.793944126875586,-0.34707122620041825,-1.038200463978764,-0.3464336284349702,-0.5454737124439624,0.6319881298273955,-0.5448051499757155,-1.1835660514293245,0,0
450,-0.04615672539686569,-0.52642201221007,-0.5877408509859608,-0.6319350269095079,0.2770158831549443,-0.6322102361368895,-2.019126250497607,0.2916968344674015,-2.0181288962564126,0.5832677915146506,-0.8837055898983356,0.5849695079220787,0.23401028622123057,0.22228049325965835,0.22945722463734183,-0.4265006588578013,0,0
45,-1.4489674860792334,-0.52642201221007,-0.5877408509859608,1.3142104790873017,0.22682170362325532,1.314697781706544,0.23487887051708606,0.19207931508386233,0.23530187622684046,-0.8465163830790341,-1.7076782516606213,-0.8469540054492722,-0.3328871673534548,-0.18742714330807886,-0.3348356924535308,-1.1835660514293245,1,0
1222,0.22939538830859937,-0.52642201221007,-0.5877408509859608,1.1488156768779412,0.47779260128170015,1.1493024864649861,-0.7592456588387392,1.9851946639875677,-0.7582457099965052,-0.3314023585336385,-0.729210715817907,-0.33337657512155394,-0.8643535300797228,-0.5971347798758161,-0.8597593362589934,1.8446955188567684,0,0
1569,1.5320053803707978,-0.6913895373220752,1.3137751854669713,-0.005272498538486234,2.184394705359125,-0.005221535221180678,0.33921273201383567,1.4372983073781023,0.33952015450201645,0.22092522672036063,0.24925682002480729,0.2193720151464148,-0.3328871673534548,1.45140340296287,-0.3348356924535308,-0.4265006588578013,0,1
2644,1.2063528823552483,-0.6913895373220752,-0.5877408509859608,0.1399073834008415,-0.877450246073902,0.13963447499037962,0.010462640127850165,-0.9535221578268384,0.01065358750034992,1.2374430166027195,-1.089698755338907,1.2378221735929071,-0.510042621595544,-1.4165500530112904,-0.505435876690306,-0.4265006588578013,0,0
1844,0.8807003843396987,-0.52642201221007,1.9719922750083707,0.4688592677950143,-0.7268677074788351,0.46934405047191585,1.9219377252852883,0.9392107104604063,1.9213220225452459,0.25813878742896296,0.19775852866466442,0.25854317508666447,-1.1832333477154833,-0.18742714330807886,-1.1878366136374072,-0.4265006588578013,0,1
80,0.6051482706342336,-0.6913895373220752,-0.5877408509859608,-0.9792641115491649,0.37740424221832225,-0.9792160516436871,0.10101655765333116,-0.505243320600912,0.10097609533883604,0.9162312294337278,0.712741442266093,0.915748191861965,1.084356466583259,1.0416957663951327,1.0824581458212186,-0.4265006588578013,0,0
506,-0.8227126822031764,-0.6913895373220752,1.0212342567819046,-1.7915363623995801,-0.17473173263025643,-1.791058317829372,1.7526412707811274,-0.30600828183383366,1.7522568155655156,-0.4117053053258864,0.712741442266093,-0.4117188950020532,-1.927286255532258,-0.18742714330807886,-1.922729714965055,1.087630126285245,0,1
567,-0.17140768617207708,-0.52642201221007,-0.5877408509859608,-0.7458736684315116,-0.2751200916936344,-0.7457168113026645,-0.8222396884216828,-0.40562580121737285,-0.8230926387010595,-1.4262644867498986,1.4852158126682358,-1.4258167023440735,-0.8997846209281405,-0.5971347798758161,-0.8991286095444028,-1.1835660514293245,0,0
857,0.37969654123885305,1.712422971452857,-0.5877408509859608,0.40086362688672184,-0.927644425605591,0.4012401053724514,0.6030002308924112,-0.25619952214206404,0.6035397927991295,0.4912131939723171,1.5367141040283787,0.4892177836236902,2.2181513737326295,0.22228049325965835,2.2241670710981,-1.1835660514293245,0,0
1822,-1.323716525304022,-0.52642201221007,-0.5877408509859608,0.3255171058802349,-1.8311396571759924,0.3255690552619345,-1.2631978955022867,1.2878720283027933,-1.2631253691962478,0.8496385418499123,-0.9867021726186213,0.850462925294882,1.0489253757348407,0.22228049325965835,1.0430888725358092,1.8446955188567684,0,0
2730,0.054044043223303424,-0.52642201221007,-0.5877408509859608,-2.0047118852472003,1.6824529100422354,-2.005099288141976,-1.30650629084056,0.5905493926180191,-1.3071286422457664,-0.6310694526608077,3.2876560102732357,-0.6293364502256628,0.6237522855538267,0.6319881298273955,0.6231499574914392,0.3305647337137219,0,0
2349,0.730399231409445,-0.6913895373220752,1.6063161141520377,0.09212666276258187,0.829151858003523,0.09206981492091192,0.9573416472964678,2.0350034236793375,0.9578819389347286,-0.8465163830790341,0.1462602373045216,-0.8469540054492722,-1.006077893473394,1.0416957663951327,-1.0041133383054954,-1.1835660514293245,0,1
2576,0.2794957726186839,-0.52642201221007,-0.5877408509859608,0.6397672300780204,0.5781809603450782,0.6401444207213681,0.17385340435860921,0.19207931508386233,0.17277090926173486,-0.7172482248280984,-0.16272951085633555,-0.7163834723151062,-0.2974560765050371,0.22228049325965835,-0.2954664191681207,1.087630126285245,0,0
1380,0.7554494235644872,1.712422971452857,-0.5877408509859608,-1.2696238754278202,-1.3291978618591027,-1.2700090870683862,-1.6785647780648194,-0.505243320600912,-1.6776825205575039,-0.2060514171993975,0.712741442266093,-0.20715839309186002,1.970133737793705,1.8611110395306072,1.9748283402905047,-0.4265006588578013,0,0
407,0.4297969255489376,-0.52642201221007,1.3137751854669713,-0.16882958072329793,0.678569319408456,-0.1684548004595809,-0.026940064937022577,1.2380632686110238,-0.02640180033082385,-0.6134419765356804,-0.11123121949619269,-0.6119270458077739,-0.22659389480820166,0.22228049325965835,-0.22985096369243813,2.6017609114282916,0,1
676,0.8306000000296141,-0.52642201221007,-0.5877408509859608,-0.036513738955809685,0.47779260128170015,-0.03657097026696603,-0.9265735499184324,-1.8002710725869215,-0.9273109169762356,0.696867082098806,0.24925682002480729,0.6981306366383555,0.5174590130085729,-0.18742714330807886,0.5181652287303465,-0.4265006588578013,0,0
2732,-0.19645787832711936,-0.52642201221007,-0.5877408509859608,-0.5124832253138586,2.0338121667640583,-0.5122175709616419,0.28803008297769433,0.34150559415917114,0.28856899623415283,1.202188064352464,0.5582465681856644,1.2030033647571297,0.6237522855538267,1.0416957663951327,0.6231499574914392,-0.4265006588578013,0,0
1889,-0.2716084547922462,-0.52642201221007,-0.5877408509859608,-0.07510585947132706,0.5279867808133891,-0.07548751032380345,1.6601187898311796,0.7399756716933279,1.6596183459875808,-0.98361897516336,1.1247277731472358,-0.9818768896879099,0.9780631940380051,1.0416957663951327,0.9774734170601259,-0.4265006588578013,0,0
2283,0.9308007686497832,-0.6913895373220752,-0.5877408509859608,1.6247851632359893,-0.9778386051372799,1.6249490871596624,-0.5210494844782346,0.7399756716933279,-0.5220176125727728,-0.14729316344897211,-0.2142278022164784,-0.1462254776292491,0.4820279221601552,-0.18742714330807886,0.4787959554449365,-0.4265006588578013,1,0
1743,0.5049475020140645,-0.6913895373220752,-0.5877408509859608,0.6103637096852448,-1.078226964200658,0.6098760006771614,-1.5781680434170031,0.7897844313850975,-1.5780961657612245,0.8496385418499123,0.09476194594437873,0.850462925294882,-0.9706468026249763,-0.18742714330807886,-0.9647440650200859,-0.4265006588578013,0,0
2181,1.281503458820375,-0.52642201221007,-0.5877408509859608,2.5326188553629247,-2.0319163753027483,2.5330016884858613,-0.9442906207386355,-0.0071557236832160585,-0.9435226491523742,-1.5202776927505788,-1.9136714171011926,-1.5215684266424616,0.05685483197914135,1.0416957663951327,0.05885704040056659,-0.4265006588578013,0,0
840,-2.250573635040586,-0.52642201221007,-0.5877408509859608,-0.6723648674495736,1.4816761919154795,-0.6722077911953056,1.7427984536587926,-2.4975937082716957,1.7429929686077223,-0.13750012115723453,-0.008234636775906986,-0.1375207754203049,-0.19116280395978394,0.6319881298273955,-0.19048169040702811,0.3305647337137219,0,0
1487,-1.1734153723737681,-0.52642201221007,-0.5877408509859608,0.19320126411274666,0.37740424221832225,0.19368522506932004,1.1581351165920994,0.3913143538509407,1.1570546485272872,-1.165769561789679,0.5582465681856644,-1.1646756360757418,-0.19116280395978394,-1.0068424164435532,-0.19048169040702811,0.3305647337137219,1,0
1370,-0.6724115292729227,-0.6913895373220752,-0.5877408509859608,-0.420597224086436,-0.2751200916936344,-0.42033129582744305,0.24078456079048666,-3.19491634395647,0.23993379970573708,1.5547375868550166,-1.1926953380591927,1.5555438042193765,-0.9352157117765585,-0.5971347798758161,-0.9384978828298128,0.3305647337137219,0,0
598,-0.24655826263720393,-0.52642201221007,-0.5877408509859608,-0.6429613470567984,-0.5762851688837682,-0.6430203861526778,-0.49348959653569674,0.09246179570032313,-0.49422607169939264,0.4442065909719767,2.6181782225913786,0.4456942725789685,2.2890135554294653,-0.5971347798758161,2.2897825265737826,0.3305647337137219,1,0
528,-0.5471605684977112,1.712422971452857,-0.5877408509859608,-0.41140862396369376,-0.777061887010524,-0.4116831758148128,-0.13324248985823964,-0.40562580121737285,-0.13293604034544856,0.596978050723083,-0.729210715817907,0.598026561235495,-0.2974560765050371,2.270818676098344,-0.2954664191681207,2.6017609114282916,0,0
912,2.7344146038128274,-0.6913895373220752,-0.5877408509859608,-1.3854002369743728,1.0299285761302788,-1.3856776922373188,-1.0112217771705128,-1.4516097547445344,-1.0106855395963763,1.059209646893096,-1.7076782516606213,1.0593757783095474,-1.3249577111091546,1.45140340296287,-1.319067524588773,0.3305647337137219,0,0
2505,0.8055498078745718,-0.6913895373220752,-0.5877408509859608,-1.1428211937339772,-0.024149194035189527,-1.1424493168820868,-0.032845755210423745,0.24188807477563193,-0.03334968554916919,0.8437627164748696,0.9702328990668073,0.8417582230859378,0.5528901038569913,-0.18742714330807886,0.557534502015756,-1.1835660514293245,0,0
2210,1.1562524980451636,-0.52642201221007,2.1913979715221705,1.1653551570988772,1.2808994737887236,1.1655177114886688,1.4357025594419441,0.44112311354271033,1.4349700572610902,1.6037027983137044,-0.4717192590171927,1.6034196663685711,1.3678051933706012,1.45140340296287,1.3711661499142234,0.3305647337137219,0,1
44,-1.5241180625443602,-0.52642201221007,2.4108036680359706,-0.5859920262957966,-1.3291978618591027,-0.5857265910690008,-0.6175090922771167,-0.6048608399844512,-0.6169720438901555,0.2561801789706155,0.09476194594437873,0.25419082398219234,-1.431250983654408,0.22228049325965835,-1.4371753444450022,0.3305647337137219,0,1
1368,-0.1463574940170348,-0.52642201221007,-0.5877408509859608,0.26854778511923305,0.678569319408456,0.26827526017825754,0.6285915554104822,0.2916968344674015,0.6290153719330612,-0.5409734635768222,-0.4202209676570498,-0.5422894281362188,-2.2815971640164365,-1.0068424164435532,-2.2770531745337426,1.087630126285245,0,0
2166,2.2334107607119815,-0.6913895373220752,-0.5877408509859608,0.04067050207522504,0.026044985496499442,0.04018109484512907,0.22503605339475116,-0.25619952214206404,0.22603802926904723,0.6263571775982957,1.1762260645073788,0.6284930189668004,-0.3328871673534548,-0.18742714330807886,-0.3348356924535308,0.3305647337137219,0,0
1476,-0.5471605684977112,-0.52642201221007,-0.5877408509859608,-2.537650692366251,1.1805111147253458,-2.5380396839203283,0.1994447288766802,-0.25619952214206404,0.2005624501351154,0.7223289920573239,-2.3256577479823357,0.7242447432651888,0.4111657404633198,0.22228049325965835,0.41318049996925393,-0.4265006588578013,0,0
1556,1.00595134511491,-0.52642201221007,2.118262739350904,0.09947754286077577,-0.6766735279471461,0.09963691993196361,-0.4403383840750885,1.3874895476863327,-0.44095895169208027,0.33844173422121143,0.352253402745093,0.33688549496716375,-0.793491348382887,-0.5971347798758161,-0.7941438807833101,1.8446955188567684,0,1
1023,0.9558509608048255,1.712422971452857,-0.5877408509859608,0.7592190316736697,1.9836179872323692,0.7590560708950365,-0.8478310129397533,-0.5550520802926816,-0.8485682178349914,-0.16687924803244725,-0.5747158417374784,-0.16798723315161035,0.37573464961490205,0.6319881298273955,0.3738112266838439,-0.4265006588578013,0,0
1467,-0.09625710970695026,-0.52642201221007,2.557074132378504,-1.0821764329238783,0.22682170362325532,-1.0819124767936739,1.1679779337144345,0.7399756716933279,1.1686344572245293,0.41874468101345935,-0.008234636775906986,0.41958016595213515,-0.6871980758376333,0.22228049325965835,-0.6891591520222176,1.087630126285245,0,1
1971,1.00595134511491,-0.52642201221007,-0.5877408509859608,-0.5235095454611491,0.17662752409156635,-0.5230277209774298,0.8136365173103779,0.6901669120015583,0.8142923110889302,2.020886399941725,0.4552499854653787,2.021245372397901,0.19857919537281285,-1.0068424164435532,0.20321104244706867,-0.4265006588578013,0,0
1381,-0.42190960772249986,1.712422971452857,-0.5877408509859608,0.8621313530483828,2.184394705359125,0.8617524960450235,0.014399766976783902,1.088636989535715,0.015285510979246538,-1.3870923175829482,1.0732294817870929,-1.3866455424038235,1.0489253757348407,0.22228049325965835,1.0430888725358092,0.3305647337137219,0,0
1463,0.3045459647737262,-0.52642201221007,1.0943694889531712,-0.5694525460748604,0.17662752409156635,-0.5695113660453188,0.6876484581444916,-1.6508447935116128,0.6869144154192702,0.015271338593871725,-1.2441936294193354,0.01481151323622159,-0.26202498565661936,0.22228049325965835,-0.2560971458827113,1.8446955188567684,0,1
940,1.6572563411460093,-0.52642201221007,-0.5877408509859608,-0.24968926180342987,-0.777061887010524,-0.24953092557799153,0.8333221515550477,1.7361508655287199,0.8328200050045175,0.5519300561810899,-0.26572609357662125,0.5501506990863011,-0.12030062226294787,0.22228049325965835,-0.12486623493134551,-0.4265006588578013,0,0
93,-0.9980640272884723,1.712422971452857,1.3869104176382379,0.13806966337629314,1.1805111147253458,0.13855345998880064,-1.0683101164800555,0.14227055539209274,-1.0685845830825853,0.48337876013892694,1.4852158126682358,0.48486543251921815,-1.3603888019575723,0.6319881298273955,-1.3584367978741827,1.8446955188567684,0,1
1255,0.15424481184347255,1.712422971452857,-0.5877408509859608,0.9944471948158711,-0.47589680982039023,0.9947173412392166,-0.7434971514430037,0.24188807477563193,-0.7443499395598154,1.5958683644803147,-0.008234636775906986,1.594714964159627,-0.08486953141453014,-0.5971347798758161,-0.08549696164593548,-0.4265006588578013,1,0
175,0.555047886324149,-0.52642201221007,-0.5877408509859608,0.4945873481386927,-0.777061887010524,0.49420739550822884,0.8628506029220524,-1.1029484369021472,0.8629275076173458,0.40111720488833164,1.8457038521892357,0.40217076153424675,-0.8997846209281405,-1.0068424164435532,-0.8991286095444028,1.087630126285245,0,0
1361,-1.1734153723737681,1.712422971452857,1.8257218106658375,-1.2494089551577872,-0.5260909893520792,-1.2494698020383892,0.14038782614267076,0.5905493926180191,0.14034744490945772,-0.9934120174550977,-0.8837055898983356,-0.9949339430013266,0.37573464961490205,-0.18742714330807886,0.3738112266838439,0.3305647337137219,0,1
2797,0.6552486549443182,1.712422971452857,-0.5877408509859608,-1.3247554761642737,1.3812878328521017,-1.3251408521489056,-0.27301049299539515,-1.1527571965939167,-0.27189374471235,0.3423589511379062,-0.26572609357662125,0.3412378460716358,-3.6279786162563146,-1.8262576895790277,-3.628731557332809,-1.1835660514293245,0,0
2707,0.1792950039985148,-0.52642201221007,-0.5877408509859608,0.2446574248001035,1.2808994737887236,0.24449293014352388,-0.9088564790982301,-0.75428711905976,-0.9087832230606486,-0.5135529451599569,-0.11123121949619269,-0.5118229704049134,-0.2974560765050371,0.6319881298273955,-0.2954664191681207,1.087630126285245,0,0
527,-0.12130730186199253,1.712422971452857,1.6794513463233043,0.06272314236980676,1.2808994737887236,0.06288240987828414,-0.10568260191570181,0.2916968344674015,-0.10514449947206801,-0.409746696867539,-0.36872267629690697,-0.4117188950020532,0.09228592282755907,0.22228049325965835,0.09822631368597604,-0.4265006588578013,0,1
2665,-2.200473250730502,-0.52642201221007,-0.5877408509859608,-0.6778780275232191,1.9334238077006802,-0.6776128662031997,0.7624538682742366,-0.6048608399844512,0.7633411528210665,0.4050344218050264,1.1762260645073788,0.4065231126387188,-1.1123711660186477,0.22228049325965835,-1.109098067066588,0.3305647337137219,0,0
1061,1.4067544195955866,-0.52642201221007,-0.5877408509859608,0.7481927115263786,0.22682170362325532,0.7482459208792489,-1.605727931359541,1.3376807879945631,-1.6058877066346047,-0.703537965619666,0.6612431509059501,-0.7033264190016899,0.4465968313117375,1.0416957663951327,0.4525497732546634,1.8446955188567684,0,0
2257,2.4087621057972775,-0.52642201221007,-0.5877408509859608,0.9907717547667744,-0.2249259121619454,0.9903932812329015,0.35496123940957175,0.5407406329262495,0.35573188667815503,-0.3549056600338084,0.4552499854653787,-0.3551383306439144,-0.26202498565661936,-0.5971347798758161,-0.2560971458827113,-1.1835660514293245,0,0
2032,-1.5241180625443602,1.712422971452857,-0.5877408509859608,0.7500304315509274,-0.024149194035189527,0.7504079508824062,1.2762489220601183,0.2916968344674015,1.2751686972391532,0.2307182690120982,-0.31722438493676414,0.23242906845983108,-1.3603888019575723,-0.5971347798758161,-1.3584367978741827,-1.1835660514293245,1,0
2805,-0.6974617214279649,-0.6913895373220752,-0.5877408509859608,0.1435828234499387,-0.2751200916936344,0.14395853499669475,-1.0171274674439141,2.1346209430628766,-1.0176334248147216,0.007436904760481561,0.6612431509059501,0.006106811027277396,0.26944137706964827,-0.18742714330807886,0.2688264979227519,0.3305647337137219,0,0
309,-1.6493690233195715,-0.52642201221007,-0.5877408509859608,-1.3670230367288883,1.4314820123837906,-1.3673004372104793,1.1286066652250948,1.4372983073781023,1.1292631076539068,0.2365940943871404,-1.1926953380591927,0.23678141956430318,-0.5454737124439624,-0.5971347798758161,-0.5448051499757155,-1.1835660514293245,0,0
1037,0.10414442753338798,-0.6913895373220752,-0.5877408509859608,1.6707281638497007,-0.12453755309856747,1.6703517172259719,0.498666369395661,0.4909318732344799,0.49932151452395346,-0.43520860682605633,-2.068166291181621,-0.4334806505244137,-0.510042621595544,0.22228049325965835,-0.505435876690306,-1.1835660514293245,0,0
1357,-0.34675903125737306,1.712422971452857,-0.5877408509859608,0.17482406386726215,0.6283751398767671,0.1753079700424801,0.07936235998419448,-0.0071557236832160585,0.08013243968380085,0.4050344218050264,-0.36872267629690697,0.4065231126387188,1.1197875574316767,-0.5971347798758161,1.1218274191066286,-0.4265006588578013,0,0
1036,-0.24655826263720393,1.712422971452857,-0.5877408509859608,0.6967365508390223,-1.4797804004541697,0.6963572008034657,0.5754403429498733,0.7897844313850975,0.575748251925749,0.608729701473168,0.5067482768255216,0.6067312634444392,0.1277170136759768,-1.0068424164435532,0.1244724958762492,-0.4265006588578013,0,0
700,1.2063528823552483,1.712422971452857,-0.5877408509859608,0.693061110789925,-0.47589680982039023,0.6931141557987291,1.429796869168543,-1.3021834756692257,1.4303381337821937,0.5068820616390974,-0.05973292813604984,0.5066271880415794,-0.22659389480820166,-0.5971347798758161,-0.22985096369243813,1.087630126285245,0,0
707,1.7073567254560937,-0.52642201221007,-0.5877408509859608,-0.014461098661228487,0.5279867808133891,-0.014950670235389938,-0.5053009770824991,1.4871070670698718,-0.5058058803966342,0.5401784054310049,-0.4202209676570498,0.5414459968773562,-0.12030062226294787,0.6319881298273955,-0.12486623493134551,0.3305647337137219,0,0
2297,0.7804996157195295,-0.6913895373220752,-0.5877408509859608,2.0437853288330365,0.17662752409156635,2.043301892770661,0.6561514433530194,1.586724586453411,0.6568069128064418,-0.18254811569922758,-0.6777124244577641,-0.18104428646502665,-0.4746115307471263,-0.5971347798758161,-0.47918969450003285,-0.4265006588578013,0,0
2151,-0.22150807048216165,-0.52642201221007,-0.5877408509859608,0.0866135026889363,-2.0319163753027483,0.08666473991301779,1.2034120753548403,-1.3519922353609952,1.2033738833162544,0.753666727390884,1.0217311904269502,0.7547112009964936,0.7300455580990804,0.6319881298273955,0.7281346862525312,0.3305647337137219,0,0
1762,-0.6473613371178804,-0.52642201221007,-0.5877408509859608,0.19320126411274666,-0.47589680982039023,0.19368522506932004,-0.44230694749955535,-1.2523747159774559,-0.4432749134315286,-0.7564203939950487,0.6612431509059501,-0.7555546322553562,1.0134942848864228,0.22228049325965835,1.0168426903455359,-0.4265006588578013,0,0
811,0.0790942353783457,-0.52642201221007,-0.5877408509859608,-0.9094307506163238,-1.1786153232640357,-0.9089500765410643,-1.3714688838479705,0.839593191076867,-1.3719755709503203,1.247236058894457,-1.9136714171011926,1.2465268758018513,0.9780631940380051,0.6319881298273955,0.9774734170601259,-1.1835660514293245,0,0
2177,0.028993851068261144,1.712422971452857,-0.5877408509859608,0.8125129123855743,-0.9778386051372799,0.8120258059723983,0.8352907149795151,-0.505243320600912,0.8351359667439653,-1.0423772289137854,-1.759176543020764,-1.0428098051505204,0.6237522855538267,1.45140340296287,0.6231499574914392,1.087630126285245,1,0
1690,-1.0481644115985569,-0.6913895373220752,-0.5877408509859608,-0.5473999057802792,-1.5299745799858586,-0.5478910660137424,-0.2986018175134661,-0.10677324306675526,-0.29968528558573054,0.22484244363705544,1.433717521308093,0.2237243662508869,0.6591833764022444,-1.0068424164435532,0.6625192307768486,-0.4265006588578013,0,0
1784,1.00595134511491,-0.52642201221007,-0.5877408509859608,0.22811794457916734,0.5279867808133891,0.22827770511984194,-0.8655480837599562,-0.6546695996762208,-0.86477995001113,-0.49396686057648176,-0.9352038812584784,-0.49441356598702463,0.26944137706964827,0.6319881298273955,0.2688264979227519,-1.1835660514293245,0,0
433,1.2314030745102906,-0.52642201221007,1.533180881980771,0.5497189488751463,-1.1786153232640357,0.5493391605887479,-0.8438938860908195,-2.3979761888881566,-0.8439362943560947,-1.1579351279562888,0.6612431509059501,-1.1559709338667976,-1.289526620260737,-1.4165500530112904,-1.2928213423984998,-1.1835660514293245,0,1
2274,0.5049475020140645,-0.52642201221007,-0.5877408509859608,-0.6466367871058951,1.2808994737887236,-0.6462634311574139,-0.005285867267885904,-0.9037133981350688,-0.005558144675788657,0.15237393067819766,-0.9867021726186213,0.1540867485793318,1.084356466583259,1.8611110395306072,1.0824581458212186,-1.1835660514293245,0,0
2577,0.3045459647737262,-0.6913895373220752,-0.5877408509859608,-0.3875182636445637,1.8330354486373024,-0.3879008457800787,0.8254478978571802,0.44112311354271033,0.8258721197861721,0.9162312294337278,-0.16272951085633555,0.915748191861965,-1.3249577111091546,-0.18742714330807886,-1.319067524588773,-1.1835660514293245,0,0
1468,0.730399231409445,1.712422971452857,-0.5877408509859608,-1.0233693921383278,-1.5299745799858586,-1.0235376667084182,1.3746770932834673,-0.05696448337498566,1.3747550520354332,0.753666727390884,-0.8837055898983356,0.7547112009964936,-2.38789043656169,0.6319881298273955,-2.382037903294835,-1.1835660514293245,0,0
518,-1.2736161409939373,-0.52642201221007,1.0212342567819046,1.33993855943098,0.5781809603450782,1.3395611267428569,-0.45214976462189027,-0.05696448337498566,-0.4525387603893222,-0.8347647323289492,2.3606867657906645,-0.8338969521358556,-0.6163358941407978,-0.18742714330807886,-0.6104206054513986,1.087630126285245,0,1
1672,0.054044043223303424,1.712422971452857,-0.5877408509859608,-0.22396118145975147,1.0299285761302788,-0.2235865655400999,0.23684743394155294,1.1384457492274846,0.23761783796628919,0.14062227992811213,-1.398688503499764,0.14102969526591472,0.9780631940380051,-0.5971347798758161,0.9774734170601259,2.6017609114282916,0,0
1359,-0.04615672539686569,1.712422971452857,-0.5877408509859608,1.1451402368288444,0.07623916502818841,1.144978426458671,2.9534649597059857,0.09246179570032313,2.9542409583392133,-0.7427101347866163,-0.36872267629690697,-0.7424975789419396,0.37573464961490205,-0.5971347798758161,0.3738112266838439,-1.1835660514293245,1,0
393,-2.07522228995529,-0.6913895373220752,-0.5877408509859608,1.7203466045125098,-0.37550845075701234,1.720078407298597,-1.6982504123094893,0.7897844313850975,-1.698526176212539,0.9710722662674579,1.0217311904269502,0.9723287562201031,-0.7226291666860516,-0.18742714330807886,-0.7285284253076275,-0.4265006588578013,0,0
809,-2.0000717134901635,1.712422971452857,1.6794513463233043,-0.8101938692907074,-0.5260909893520792,-0.8105777113973928,1.3805827835568685,-0.8040958787515295,1.381702937253778,-0.4293327814510141,-0.5747158417374784,-0.4291282994199416,-0.26202498565661936,1.0416957663951327,-0.2560971458827113,3.3588263039998147,0,1
1652,-0.6223111449628381,1.712422971452857,-0.5877408509859608,0.11234158303261473,-0.2249259121619454,0.11260909995090941,0.21125610942348197,-0.0071557236832160585,0.21214225883235655,0.5793505745979552,-0.008234636775906986,0.5806171568176066,-0.793491348382887,-0.18742714330807886,-0.7941438807833101,-1.1835660514293245,0,0
70,0.1792950039985148,-0.52642201221007,-0.5877408509859608,-0.031000578882164127,1.8330354486373024,-0.03116589525907229,-0.23363922450605554,-1.2025659562856863,-0.2325223951417279,-1.4086370106247708,0.09476194594437873,-1.4084072979261848,1.5449606476126905,0.22228049325965835,1.5417663341509986,-1.1835660514293245,0,0
1730,-0.4970601841876267,1.712422971452857,-0.5877408509859608,0.4321048673040453,-0.5762851688837682,0.4325895404182368,1.7467355805077274,-1.5512272741280735,1.7476248920866189,0.2326768774704456,-1.5016850862200497,0.23242906845983108,-0.5454737124439624,-0.5971347798758161,-0.5448051499757155,1.087630126285245,0,0
1378,-0.021106533241823412,1.712422971452857,2.1913979715221705,0.8217015125083166,1.0299285761302788,0.8217549409866078,1.833352371184274,1.5369158267616414,1.8333154764462076,1.7427639988563783,-2.0166679998214785,1.7426949017116813,-0.15573171311136558,0.6319881298273955,-0.15111241712161866,-1.1835660514293245,0,1
2399,0.2794957726186839,-0.6913895373220752,-0.5877408509859608,-1.4497204378335684,0.9295402170669009,-1.4494575773304685,0.26637588530855766,-1.6508447935116128,0.26540937883966886,-0.42149834761762395,0.6097448595458073,-0.4204235972109974,0.021423741130723633,0.22228049325965835,0.019487767115156568,0.3305647337137219,0,0
408,2.3085613371771085,-0.6913895373220752,0.6555580959255716,-1.0288825522119731,0.07623916502818841,-1.0289427417163124,0.03999109149485487,-0.9535221578268384,0.040761090113178355,0.07990541771933933,1.4852158126682358,0.0800967798033046,0.7300455580990804,-0.5971347798758161,0.7281346862525312,-0.4265006588578013,0,1
56,1.0811019215800368,-0.52642201221007,-0.5877408509859608,0.3879995867148823,-0.07434337356687849,0.38826792535350524,2.020365896508637,-1.3021834756692257,2.020908377341525,0.45008241634701945,0.9702328990668073,0.45004662368344056,1.0489253757348407,-1.0068424164435532,1.0430888725358092,-0.4265006588578013,0,0
463,1.7574571097661784,-0.52642201221007,1.2406399532957046,0.7941357121400898,-1.1786153232640357,0.7936485509455583,-0.34781590312514066,0.8894019507686367,-0.34832048211414585,-0.98361897516336,-0.5232175503773355,-0.9818768896879099,-0.014007349717694715,-0.5971347798758161,-0.019881506170252878,1.087630126285245,0,1
1592,-0.04615672539686569,-0.52642201221007,-0.5877408509859608,-0.6319350269095079,0.07623916502818841,-0.6322102361368895,0.5911888503456094,-0.6546695996762208,0.5919599841018875,-0.3823261784506737,-0.729210715817907,-0.38125243727074776,0.4111657404633198,1.0416957663951327,0.41318049996925393,-0.4265006588578013,0,0
331,0.6802988470993604,-0.6913895373220752,1.898857042837104,-0.6925797877196064,-1.3793920413907916,-0.6927470762253027,-0.11946254588697044,-1.0531396772103776,-0.1190402699087587,0.7497495104741893,-0.9867021726186213,0.7503588498920215,2.0409959194905403,0.6319881298273955,2.0404437957661887,-0.4265006588578013,0,1
729,0.730399231409445,-0.52642201221007,-0.5877408509859608,-0.315847182687174,0.6283751398767671,-0.31547284067429876,1.760515524478996,0.5407406329262495,1.7615206625233089,-1.6867594117101175,2.0516970176298073,-1.6869577686124047,-1.0769400751702296,-0.5971347798758161,-1.082851884876315,-0.4265006588578013,0,0
1513,2.508962874417447,-0.52642201221007,0.948099024610638,0.2207670644809734,-0.17473173263025643,0.22071060010879023,0.7526110511519016,-0.9535221578268384,0.7517613441238246,-1.6632561102099475,1.2792226472276644,-1.6651960130900438,1.7221161018547797,-0.5971347798758161,1.7254896094829106,-0.4265006588578013,0,1
1927,2.7344146038128274,-0.52642201221007,1.6794513463233043,2.4591100543809867,-0.6766735279471461,2.4594926683785023,-1.0466559188109188,0.14227055539209274,-1.04774092742755,-0.16296203111575244,-0.16272951085633555,-0.16363488204713825,-0.049438440566112435,1.0416957663951327,-0.04612768836052603,1.087630126285245,0,1
102,0.6552486549443182,1.712422971452857,2.0451275071796373,0.05904770232070954,0.829151858003523,0.05855834987196899,-1.4580856745245174,-1.2025659562856863,-1.45766615530991,1.2198155404775923,-1.5016850862200497,1.220412769175018,0.3403035587664837,1.45140340296287,0.33444195339843447,-0.4265006588578013,0,1
432,-1.3487667174590643,-0.6913895373220752,1.4600456498095045,-0.7109569879650909,-0.32531427122532336,-0.7111243312521426,-0.6470375436441215,0.3913143538509407,-0.6470795465029844,-1.7141799301269827,-0.8322072985381926,-1.7130718752392378,-0.8643535300797228,-1.0068424164435532,-0.8597593362589934,-0.4265006588578013,0,1
415,-0.34675903125737306,-0.52642201221007,-0.5877408509859608,-0.21661030136155807,-0.42570263028870126,-0.2171004755306272,0.4691379180286563,-0.0071557236832160585,0.46921401191112505,-0.6173591934523753,-0.05973292813604984,-0.616279396912246,0.9426321031895875,-0.5971347798758161,0.9381041437747165,-0.4265006588578013,0,0
2112,1.00595134511491,-0.52642201221007,2.2645332036934374,-1.159360673954913,1.3310936533204127,-1.1597455569073478,1.4888537719025525,-0.6048608399844512,1.4882371772684027,1.7408053903980303,1.2792226472276644,1.7426949017116813,0.7300455580990804,-1.0068424164435532,0.7281346862525312,-1.1835660514293245,0,1
1241,-0.8477628743582186,-0.52642201221007,1.9719922750083707,0.02045558180519218,-2.082110554834437,0.02072282481671055,0.2959043366755624,0.7897844313850975,0.29551688145249816,0.29926956505426117,0.30075511138495015,0.2977143350269141,2.3598757371263006,-0.18742714330807886,2.3553979820494653,-1.1835660514293245,1,1
1405,0.7804996157195295,-0.6913895373220752,2.0451275071796373,0.40270134691127013,-0.37550845075701234,0.40232112037403,-0.8773594643067579,-1.2523747159774559,-0.8763597587083719,-1.365547624541125,-0.4202209676570498,-1.3648837868814625,1.22608082997693,0.22228049325965835,1.2268121478677212,-1.1835660514293245,0,1
1951,-1.6744192154746138,-0.52642201221007,-0.5877408509859608,0.2520083048982969,-1.3291978618591027,0.2520600351545756,-1.4561171111000504,-0.8040958787515295,-1.4553501935704616,0.39524137951328886,3.3906525929935216,0.39346605932530176,-0.510042621595544,-0.18742714330807886,-0.505435876690306,-1.1835660514293245,0,0
1259,0.37969654123885305,-0.52642201221007,2.63020936454977,0.9301269939566753,-0.32531427122532336,0.9298564411444887,0.45732653748185453,0.14227055539209274,0.4576342032138831,0.8418041080165222,-1.2441936294193354,0.8417582230859378,0.304872467918066,-1.0068424164435532,0.30819577120816133,-1.1835660514293245,0,1
2025,0.003943658913218867,-0.52642201221007,2.0451275071796373,-1.0343957122856184,1.2307052942570347,-1.0343478167242062,-0.5564836261186404,0.2916968344674015,-0.5567570386644982,1.5566961953133645,1.38221922994795,1.5555438042193765,-0.510042621595544,-0.18742714330807886,-0.505435876690306,-0.4265006588578013,0,1
2731,1.0811019215800368,1.712422971452857,2.1913979715221705,-1.3780493568761787,-0.7268677074788351,-1.3781105872262671,-1.5565138457478664,1.1384457492274846,-1.5572525101061891,0.40111720488833164,1.1247277731472358,0.40217076153424675,-2.317028254864854,-0.18742714330807886,-2.316422447819152,-1.1835660514293245,0,1
2334,-0.6724115292729227,-0.6913895373220752,-0.5877408509859608,-0.04754005910310029,1.7828412691056135,-0.04738112028275426,0.7762338122455057,0.19207931508386233,0.7772369232577564,0.7105773413072389,1.6912089781088073,0.7111876899517718,0.6237522855538267,-0.5971347798758161,0.6231499574914392,-1.1835660514293245,0,0
2153,0.6051482706342336,-0.6913895373220752,-0.5877408509859608,-1.2310317549123027,0.37740424221832225,-1.2310925470115492,-0.623414782550518,0.34150559415917114,-0.6239199291085005,-0.8700196845792046,-2.0166679998214785,-0.868715760971633,-0.36831825820187314,0.22228049325965835,-0.37420496573894024,0.3305647337137219,0,0
124,-0.22150807048216165,-0.52642201221007,1.8257218106658375,1.1598419970252316,-0.42570263028870126,1.1601126364807743,0.25456450476175585,-0.40562580121737285,0.25382957014242774,0.5421370138893523,0.19775852866466442,0.5414459968773562,0.6591833764022444,-1.0068424164435532,0.6625192307768486,0.3305647337137219,0,1
318,-0.12130730186199253,-0.6913895373220752,1.3137751854669713,-0.6282595868604106,0.37740424221832225,-0.6278861761305744,-0.1706451949231124,-0.5550520802926816,-0.16999142817662233,-0.703537965619666,-0.2142278022164784,-0.7033264190016899,-0.12030062226294787,-1.0068424164435532,-0.12486623493134551,-0.4265006588578013,0,1
1936,-0.37180922341241535,-0.6913895373220752,0.582422863754305,-0.6300973068849595,-0.6264793484154572,-0.630048206133732,-0.19426795601671593,1.4372983073781023,-0.19315104557110624,0.28360069738748084,-0.9352038812584784,0.284657281713497,0.37573464961490205,1.0416957663951327,0.3738112266838439,-1.1835660514293245,0,1
1452,-0.04615672539686569,-0.52642201221007,-0.5877408509859608,0.3677846664448495,-1.7307512981126145,0.3677286403235081,-1.8301441617487766,0.19207931508386233,-1.8305359953610956,0.6400674368067281,-0.9352038812584784,0.6415500722802168,0.4111657404633198,-1.0068424164435532,0.41318049996925393,1.087630126285245,0,0
1448,-0.12130730186199253,-0.6913895373220752,-0.5877408509859608,0.3255171058802349,-1.6303629390492365,0.3255690552619345,0.9770272815411375,-2.348167429196387,0.9764096328503151,-0.38820200382571646,-1.7076782516606213,-0.38995713947969196,0.09228592282755907,-0.5971347798758161,0.09822631368597604,1.087630126285245,0,0
387,-0.6223111449628381,-0.52642201221007,-0.5877408509859608,0.4449689074758842,-0.024149194035189527,0.4444807054356036,1.8057924832417367,1.9353859042957982,1.8055239355728279,0.8476799333915649,0.24925682002480729,0.8461105741904099,0.09228592282755907,-1.0068424164435532,0.09822631368597604,-1.1835660514293245,0,0
1350,-1.774619984094783,-0.6913895373220752,-0.5877408509859608,-0.7789526288733839,0.37740424221832225,-0.7792282763516074,-0.7651513491121403,-1.003330917518608,-0.7651935952148505,-0.2608924540331281,1.3307209385878072,-0.25938660634552674,-1.5729753470480796,2.270818676098344,-1.5684062553963678,1.087630126285245,0,0
2341,0.4798973098590222,-0.52642201221007,-0.5877408509859608,-0.8873781103217426,-0.07434337356687849,-0.8873297765094883,-0.7434971514430037,0.44112311354271033,-0.7443499395598154,0.0015610793854387978,0.8157380249863787,0.0017544599228052984,0.16314810452439452,-0.5971347798758161,0.16384176916165924,-0.4265006588578013,0,0
2521,1.4819049960607134,-0.52642201221007,-0.5877408509859608,1.009148955012259,1.7828412691056135,1.0087705362597414,1.3766456567079348,1.6863421058369503,1.3770710137748812,0.35802781880468654,0.043263654584235874,0.3586472504895242,1.296943011673766,-1.0068424164435532,1.292427603343404,-0.4265006588578013,0,0
1873,0.8055498078745718,-0.52642201221007,-0.5877408509859608,0.6654953104216983,-1.6805571185809256,0.6650077657576804,0.4199238324169818,1.6365333461451805,0.4205788153827093,-0.1766722903241848,-0.26572609357662125,-0.17669193536055455,-2.5296147999553615,-1.4165500530112904,-2.5263919053413373,0.3305647337137219,0,0
2050,-1.1233149880636837,-0.6913895373220752,-0.5877408509859608,0.5589075489978885,-1.028032784668969,0.5590682956029575,-0.4777410891399612,-0.20639076245029445,-0.47801433952325406,-1.0051636682051832,-2.2741594566221925,-1.0036386452102708,1.8638404652484513,-0.18742714330807886,1.8698436115294133,-0.4265006588578013,0,0
2774,0.6552486549443182,1.712422971452857,-0.5877408509859608,-0.8285710695361919,-1.078226964200658,-0.8289549664242327,0.40614388844571314,0.6901669120015583,0.40668304494601865,-1.7083041047519403,0.9187346077066644,-1.7087195241347657,1.686685011006362,-1.0068424164435532,1.6861203361975006,-0.4265006588578013,0,0
952,0.12919461968843027,-0.52642201221007,1.3137751854669713,1.6597018437024107,0.5279867808133891,1.6595415672101843,0.2821243927042931,-0.505243320600912,0.28162111101580745,1.0376649538512734,1.6912089781088073,1.0376140227871862,1.4740984659158551,1.0416957663951327,1.476150878675316,-0.4265006588578013,1,1
976,1.4067544195955866,1.712422971452857,1.6063161141520377,0.263034625045588,0.3272100626866333,0.2628701851703638,0.8333221515550477,0.3913143538509407,0.8328200050045175,2.373435922444277,0.712741442266093,2.3737858118601487,-1.1123711660186477,0.22228049325965835,-1.109098067066588,-0.4265006588578013,0,1
2043,0.15424481184347255,-0.52642201221007,-0.5877408509859608,2.111780969741329,-1.4797804004541697,2.111405837870126,-0.15883381437631006,-1.1029484369021472,-0.15841161947938037,-1.0365014035387432,-0.6777124244577641,-1.0384574540460483,1.0489253757348407,0.22228049325965835,1.0430888725358092,-0.4265006588578013,0,0
642,-1.9249211370250365,-0.6913895373220752,-0.5877408509859608,1.5733290025486337,-0.7268677074788351,1.5730603670838792,0.15613633353840684,0.09246179570032313,0.1565591770855963,-0.3627400938671986,0.24925682002480729,-0.36384303285285857,0.304872467918066,0.6319881298273955,0.30819577120816133,0.3305647337137219,0,0
679,-0.6724115292729227,-0.52642201221007,-0.5877408509859608,-0.1449392204041684,0.22682170362325532,-0.14467247042484685,0.21322467284794883,-0.05696448337498566,0.21214225883235655,-0.36861591924224135,0.24925682002480729,-0.3681953839573315,0.4820279221601552,0.6319881298273955,0.4787959554449365,-0.4265006588578013,0,0
1355,1.3566540352855019,-0.6913895373220752,-0.5877408509859608,-0.3121717426380773,-0.37550845075701234,-0.3122297956695622,0.05967672573952468,0.09246179570032313,0.05928878402876483,-0.8230130815788642,0.4552499854653787,-0.825192249926911,1.7221161018547797,-0.18742714330807886,1.7254896094829106,0.3305647337137219,0,0
761,-0.7225119135830073,-0.52642201221007,-0.5877408509859608,-1.3027028358696924,-0.17473173263025643,-1.3024395371157507,-1.6765962146403524,-0.20639076245029445,-1.6776825205575039,1.8563632894405342,-0.8322072985381926,1.855856030427958,-0.6871980758376333,0.6319881298273955,-0.6891591520222176,-1.1835660514293245,0,0
233,1.632206148990967,1.712422971452857,-0.5877408509859608,0.4449689074758842,0.728763498940145,0.4444807054356036,-0.4127784961325507,2.5828997802888027,-0.4131674108187002,0.3090626073459987,0.4552499854653787,0.31077138834033036,-0.26202498565661936,0.22228049325965835,-0.2560971458827113,-0.4265006588578013,0,0
594,-0.3968594155674576,-0.6913895373220752,2.118262739350904,0.9117497937111908,1.1303169351936568,0.9114791861176488,-1.3498146861788334,-0.505243320600912,-1.3488159535558368,0.21309079288697047,-1.2441936294193354,0.21501966404194192,-0.26202498565661936,1.45140340296287,-0.2560971458827113,0.3305647337137219,0,1
1231,0.4297969255489376,-0.52642201221007,-0.5877408509859608,-0.8561368699044186,0.6283751398767671,-0.8559803414637029,-1.5722623531436024,-0.40562580121737285,-1.5711482805428796,1.0513752130597058,1.4852158126682358,1.050671076100603,-1.5375442561996615,-0.18742714330807886,-1.5421600732060945,-0.4265006588578013,0,0
744,-0.2966586469472885,-0.52642201221007,1.752586578494571,0.5497189488751463,0.6283751398767671,0.5493391605887479,0.9632473375698689,0.19207931508386233,0.9625138624136252,0.4539996332637143,-0.4202209676570498,0.4543989747879127,-0.5454737124439624,1.0416957663951327,-0.5448051499757155,-0.4265006588578013,0,1
2790,-0.021106533241823412,-0.6913895373220752,-0.5877408509859608,0.09212666276258187,1.0801227556619677,0.09206981492091192,-0.3615958470964093,-0.40562580121737285,-0.3622162525508361,1.4470141216459034,-0.4202209676570498,1.4467350266075718,-1.8209929829870046,1.45140340296287,-1.8177449862039627,-0.4265006588578013,0,0
486,0.2544455804636417,-0.52642201221007,-0.5877408509859608,-0.6209087067622172,-2.2828872729611933,-0.6214000861211013,1.1935692582325055,-0.8539046384432992,1.1941100363584611,-0.7407515263282689,0.8157380249863787,-0.7424975789419396,-0.5454737124439624,-0.5971347798758161,-0.5448051499757155,1.087630126285245,0,0
507,0.5299976941691067,-0.52642201221007,1.898857042837104,-0.6172332667131201,0.17662752409156635,-0.6170760261147862,-2.1884227050017673,0.14227055539209274,-2.189510064975591,0.3717380780131189,-0.4717192590171927,0.3717043038029413,1.899271556096869,-0.18742714330807886,1.896089793719686,0.3305647337137219,0,1
532,0.9558509608048255,-0.52642201221007,-0.5877408509859608,-0.7697640287506416,0.12643334455987737,-0.7694991413373982,-0.7159372635004658,-0.0071557236832160585,-0.7165583986864349,-1.2950377200406147,-1.9136714171011926,-1.2952461692099075,-0.6871980758376333,-1.0068424164435532,-0.6891591520222176,-0.4265006588578013,0,0
1600,-1.2485659488388952,1.712422971452857,0.28988193506923854,-0.8120315893152558,-2.0319163753027483,-0.8116587263989717,-0.005285867267885904,1.6863421058369503,-0.005558144675788657,-0.16883785649079464,-0.11123121949619269,-0.16798723315161035,0.7300455580990804,1.0416957663951327,0.7281346862525312,0.3305647337137219,1,1
961,-0.1463574940170348,-0.6913895373220752,1.752586578494571,1.5108465217139857,1.1303169351936568,1.5103614969923085,-0.7021573195291971,-0.9037133981350688,-0.702662628249745,-0.13162429578219179,-2.22266116526205,-0.1331684243158328,0.1277170136759768,0.22228049325965835,0.1244724958762492,-1.1835660514293245,0,1
1151,-0.12130730186199253,1.712422971452857,-0.5877408509859608,-0.008947938587582928,1.2307052942570347,-0.008464580225917225,-0.7592456588387392,1.9353859042957982,-0.7582457099965052,1.2433188419777623,1.6912089781088073,1.2421745246973792,-1.289526620260737,-1.0068424164435532,-1.2928213423984998,-0.4265006588578013,0,0
1642,0.10414442753338798,-0.52642201221007,-0.5877408509859608,1.8618510464027402,1.1805111147253458,1.8616913725054212,1.9809946280192976,-0.20639076245029445,1.9815370277709028,0.03485742317734686,0.4552499854653787,0.03657326875858285,-0.5454737124439624,-0.5971347798758161,-0.5448051499757155,-1.1835660514293245,0,0
430,1.6071559568359248,-0.52642201221007,-0.5877408509859608,0.6728461905198923,1.2808994737887236,0.672574870768732,-0.19820508286564967,0.19207931508386233,-0.19778296905000287,0.46379267555545184,1.1762260645073788,0.4631036769968569,0.7654766489474982,1.45140340296287,0.7675039595379413,-1.1835660514293245,0,0
2437,0.8055498078745718,1.712422971452857,-0.5877408509859608,-0.05856637925039089,-0.42570263028870126,-0.0581912702985425,-0.2631676758730602,-0.15658200275852485,-0.26262989775455675,-0.08265908432350394,-0.6262141330976213,-0.08094021106216687,-1.3249577111091546,-0.5971347798758161,-1.319067524588773,0.3305647337137219,0,0
2819,1.2063528823552483,-0.52642201221007,0.7286933280968382,-0.5786411461976027,0.2770158831549443,-0.5781594860579491,-1.700218975733956,0.2916968344674015,-1.7008421379519874,-0.4450016491177939,-0.11123121949619269,-0.44653770383783076,-1.3249577111091546,-0.18742714330807886,-1.319067524588773,-1.1835660514293245,0,1
2314,1.4318046117506287,-0.6913895373220752,-0.5877408509859608,-0.13942606033052282,0.678569319408456,-0.13926739541695313,1.0971096504336237,-1.5512272741280735,1.0968396433016296,0.6714051721402887,0.19775852866466442,0.6720165300115222,-3.6279786162563146,-1.8262576895790277,-3.628731557332809,0.3305647337137219,0,0
1456,0.2043451961535571,-0.52642201221007,-0.5877408509859608,1.6247851632359893,-0.777061887010524,1.6249490871596624,-0.9895675795013762,1.5369158267616414,-0.9898418839413411,1.8974940670658313,-0.8322072985381926,1.89937954147268,-0.19116280395978394,1.45140340296287,-0.19048169040702811,0.3305647337137219,1,0
2683,0.6552486549443182,-0.52642201221007,-0.5877408509859608,-0.6760403074986707,-2.0319163753027483,-0.6765318512016207,-0.42065274983041867,2.93156109813119,-0.42011529603704506,-0.5723111989103823,1.1247277731472358,-0.5727558858675239,-1.431250983654408,-0.18742714330807886,-1.4371753444450022,1.8446955188567684,1,0
1427,0.35464634908381076,1.712422971452857,-0.5877408509859608,-1.4754485181772465,0.3272100626866333,-1.47540193736836,-1.0978385678470601,-0.20639076245029445,-1.098692085695414,-1.0110394935802254,-0.05973292813604984,-1.0123433474192154,1.3678051933706012,-0.18742714330807886,1.3711661499142234,0.3305647337137219,0,0
2529,-0.04615672539686569,-0.6913895373220752,-0.5877408509859608,-0.8138693093398046,0.3272100626866333,-0.8138207564021294,0.1482620798405388,0.14227055539209274,0.14729533012780305,0.15629114759489246,-0.26572609357662125,0.1540867485793318,-0.510042621595544,-0.5971347798758161,-0.505435876690306,4.115891696571338,0,0
2130,-1.4489674860792334,-0.6913895373220752,-0.5877408509859608,-0.8120315893152558,1.2307052942570347,-0.8116587263989717,-0.7415285880185367,-0.6048608399844512,-0.7420339778203671,0.5636817069311755,0.30075511138495015,0.5632077523997174,0.8363388306443337,-0.5971347798758161,0.8331194150136239,-1.1835660514293245,0,0
2320,0.003943658913218867,1.712422971452857,0.0704762385554387,-0.3654656233499825,0.778957678471834,-0.365199530746924,0.17975909463201037,1.0388282298439455,0.1797187944800802,-1.2127761647900195,-1.810674834380907,-1.2125514982249361,0.19857919537281285,1.8611110395306072,0.20321104244706867,-1.1835660514293245,0,1
29,0.4548471177039799,-0.52642201221007,-0.5877408509859608,-0.383842823595467,0.678569319408456,-0.3835767857737636,0.5990631040434775,0.839593191076867,0.5989078693202329,-1.1324732179977715,-0.4717192590171927,-1.1342091783444364,-0.510042621595544,-0.5971347798758161,-0.505435876690306,2.6017609114282916,0,0
1839,1.0560517294249945,1.712422971452857,-0.5877408509859608,0.263034625045588,-0.07434337356687849,0.2628701851703638,-1.5210797041074609,1.6365333461451805,-1.5201971222750155,0.5578058815561326,-0.05973292813604984,0.5588554012952454,-0.014007349717694715,-1.0068424164435532,-0.019881506170252878,0.3305647337137219,0,0
2741,0.22939538830859937,-0.6913895373220752,-0.5877408509859608,-0.3764919434972731,2.234588884890814,-0.3760096807627119,0.0281797109480531,0.04265303600855354,0.029181281415936396,1.0768371230182237,-0.2142278022164784,1.0767851827274357,2.2890135554294653,-1.0068424164435532,2.2897825265737826,0.3305647337137219,0,0
736,0.5800980784791913,-0.52642201221007,-0.5877408509859608,-0.02916285885761578,-1.4295862209224806,-0.02900386525591472,0.6443400628062177,1.6863421058369503,0.6452271041091998,-0.4234569560759714,-0.4717192590171927,-0.4247759483154695,0.6237522855538267,-1.0068424164435532,0.6231499574914392,-1.1835660514293245,0,0
602,0.37969654123885305,-0.52642201221007,0.6555580959255716,0.24649514482465185,0.5781809603450782,0.24665496014668184,0.7821395025189063,1.5369158267616414,0.781868846736653,0.9221070548087701,-0.11123121949619269,0.9201005429664372,0.4111657404633198,-0.5971347798758161,0.41318049996925393,2.6017609114282916,0,1
2780,-0.42190960772249986,-0.52642201221007,-0.5877408509859608,2.0051932083175195,-0.024149194035189527,2.0054663677154023,0.648277189655152,-0.15658200275852485,0.6475430658486486,0.4402893740552819,2.46368334851095,0.4413419214744964,0.8717699214927513,-1.0068424164435532,0.8724886882990339,0.3305647337137219,0,0
1744,2.0580594156266856,-0.52642201221007,-0.5877408509859608,-1.16303611400401,-0.42570263028870126,-1.1629886019120845,0.25456450476175585,0.5905493926180191,0.25382957014242774,0.2600973958873109,0.6097448595458073,0.25854317508666447,-0.19116280395978394,0.6319881298273955,-0.19048169040702811,0.3305647337137219,0,0
188,0.9308007686497832,1.712422971452857,-0.5877408509859608,0.7390041114036363,-0.5762851688837682,0.7385167858650393,-2.215982592944305,1.2380632686110238,-2.214985644109523,-0.11203821119871664,-1.089698755338907,-0.11140666879347232,0.9426321031895875,0.22228049325965835,0.9381041437747165,-1.1835660514293245,0,0
170,-0.4970601841876267,-0.52642201221007,-0.5877408509859608,0.06639858241890345,0.778957678471834,0.06612545488302068,-0.9501963110120366,-0.10677324306675526,-0.950470534370719,0.21896661826201266,-0.05973292813604984,0.2193720151464148,0.6946144672506621,0.6319881298273955,0.6887654129671218,1.087630126285245,0,0
2428,-0.1463574940170348,-0.6913895373220752,-0.5877408509859608,1.0532542356014218,-0.877450246073902,1.0530921513244729,-0.9226364230694988,-1.750462312895152,-0.922678993497339,0.7047015159321962,0.24925682002480729,0.7068353388472998,0.3403035587664837,0.6319881298273955,0.33444195339843447,-0.4265006588578013,0,0
43,1.2063528823552483,-0.6913895373220752,1.4600456498095045,0.013104701706998274,-0.42570263028870126,0.013155719805658862,-0.25726198559965907,-1.8002710725869215,-0.25799797427565974,1.2629049265612375,-2.428654330702621,1.2639362802197398,0.8363388306443337,-0.5971347798758161,0.8331194150136239,1.087630126285245,0,1
87,-1.3738169096141064,-0.6913895373220752,-0.5877408509859608,0.5552321089487913,-0.42570263028870126,0.5547442355966415,0.5203205670647982,-1.1527571965939167,0.5201651701789887,-0.018025005198036334,0.8157380249863787,-0.020007295599555962,1.0134942848864228,1.0416957663951327,1.0168426903455359,-0.4265006588578013,0,0
651,0.3045459647737262,-0.52642201221007,1.752586578494571,0.007591541633353235,-0.5762851688837682,0.007750644797765128,-1.4069030254883759,1.1882545089192542,-1.4067149970420458,-0.6682830133694105,1.2277243558675215,-0.6685076101659123,-0.6517669849892155,-1.0068424164435532,-0.649789878736808,-0.4265006588578013,0,1
1732,-0.37180922341241535,-0.6913895373220752,-0.5877408509859608,-1.7676460020804503,1.0299285761302788,-1.7672759877946382,0.7742652488210383,-0.20639076245029445,0.7749209615183085,-0.8308475154122543,0.40375169410523587,-0.8295446010313834,-1.2540955294123188,1.45140340296287,-1.2534520691130902,-0.4265006588578013,0,0
282,-0.9229134508233454,-0.6913895373220752,-0.5877408509859608,1.0330393153313884,-1.1786153232640357,1.032552866294475,0.3490555491361706,-0.75428711905976,0.34878400145980964,-0.13554151269888715,-0.16272951085633555,-0.1375207754203049,1.0489253757348407,-1.0068424164435532,1.0430888725358092,0.3305647337137219,1,0
2024,-1.4740176782342755,-0.52642201221007,-0.5877408509859608,2.2771757719506893,0.2770158831549443,2.2768011331116833,0.6167801748636799,-2.2983586695046174,0.6174355632358193,-1.0560874881222184,-1.2441936294193354,-1.055866858463937,-1.5729753470480796,-0.5971347798758161,-1.5684062553963678,-0.4265006588578013,0,0
2375,0.3295961569287685,-0.52642201221007,1.2406399532957046,-0.9369965509845506,-1.1786153232640357,-0.9370564665821135,1.754609834205595,0.4909318732344799,1.7545727773049635,-0.4685049506179644,0.5067482768255216,-0.46829945936019163,0.4820279221601552,0.22228049325965835,0.4787959554449365,-0.4265006588578013,0,1
662,-1.1233149880636837,-0.52642201221007,1.6063161141520377,-0.9719132314509713,-0.5762851688837682,-0.9716489466326355,-0.5663264432409754,0.7897844313850975,-0.5660208856222915,-0.12574847040714957,0.5582465681856644,-0.12446372210688861,0.6591833764022444,-0.5971347798758161,0.6625192307768486,-0.4265006588578013,0,1
543,-1.4489674860792334,-0.52642201221007,-0.5877408509859608,1.1377893567306505,0.026044985496499442,1.1374113214476194,-1.4069030254883759,1.0388282298439455,-1.4067149970420458,1.2491946673528052,0.19775852866466442,1.2508792269063236,-1.5375442561996615,-0.5971347798758161,-1.5421600732060945,-0.4265006588578013,0,0
1225,0.003943658913218867,-0.52642201221007,1.8257218106658375,0.7298155112808941,1.8330354486373024,0.7298686658524091,-0.27694761984432886,-0.30600828183383366,-0.27652566819124663,-0.3235679247002483,0.6612431509059501,-0.32467187291260896,-0.26202498565661936,-1.0068424164435532,-0.2560971458827113,0.3305647337137219,0,1
1097,-0.2966586469472885,-0.52642201221007,-0.5877408509859608,-0.7146324280141881,-0.42570263028870126,-0.7143673762568792,0.9494673935985997,1.2878720283027933,0.9486180919769354,-1.2734930269987923,-1.398688503499764,-1.2734844136875467,0.19857919537281285,-1.0068424164435532,0.20321104244706867,0.3305647337137219,0,0
2318,0.2043451961535571,-0.52642201221007,-0.5877408509859608,0.0755871825416457,2.134200525827436,0.07585458989722994,0.21322467284794883,0.24188807477563193,0.21214225883235655,0.822218023433047,0.8157380249863787,0.8199964675635766,-0.12030062226294787,-1.0068424164435532,-0.12486623493134551,-0.4265006588578013,0,0
149,0.4297969255489376,-0.6913895373220752,1.0943694889531712,2.012544088415713,-2.43346981155626,2.013033472726454,-0.6745974315866593,0.5407406329262495,-0.6748710873763645,-1.604497856459522,-0.6262141330976213,-1.604263097627433,-0.26202498565661936,-0.18742714330807886,-0.2560971458827113,-0.4265006588578013,0,1
1450,0.9308007686497832,-0.52642201221007,0.6555580959255716,0.8308901126310588,0.778957678471834,0.8304030609992382,-0.5407351187229044,-0.6048608399844512,-0.5405453064883596,-1.0815493980807358,-0.05973292813604984,-1.0819809650907706,0.5174590130085729,-0.18742714330807886,0.5181652287303465,-1.1835660514293245,1,1
1789,-0.6724115292729227,-0.6913895373220752,-0.5877408509859608,2.17058801052688,0.5781809603450782,2.1708616629569604,0.008494076703383296,-0.0071557236832160585,0.0083376257609012,0.2679318297207005,-0.6262141330976213,0.2672478772956086,-0.19116280395978394,-0.18742714330807886,-0.19048169040702811,0.3305647337137219,0,0
1309,-0.4970601841876267,1.712422971452857,-0.5877408509859608,0.8713199531711251,0.22682170362325532,0.8714816310592324,0.20928754599901508,0.9890194701521758,0.20982629709290865,1.1199265091018689,0.6612431509059501,1.1203086937721574,0.588321194705409,-0.5971347798758161,0.5837806842060291,-1.1835660514293245,1,0
2167,0.4798973098590222,-0.52642201221007,-0.5877408509859608,0.10499070293442081,1.6322587305105465,0.10504199493985772,0.6738685141732224,2.433473501213494,0.6730186449825803,1.0846715568516134,-1.1411970466990498,1.0854898849363799,2.3598757371263006,0.6319881298273955,2.3553979820494653,-1.1835660514293245,0,0
2117,-0.6974617214279649,-0.52642201221007,-0.5877408509859608,0.4284294272549486,-2.784829068278083,0.4282654804119216,-1.1608325974300033,-0.6546695996762208,-1.1612230526605196,-0.006273354447951367,-1.5016850862200497,-0.006950242286139669,-0.6163358941407978,0.6319881298273955,-0.6104206054513986,-1.1835660514293245,0,0
958,0.10414442753338798,-0.52642201221007,1.533180881980771,-0.010785658612131273,0.6283751398767671,-0.010626610229074795,1.4671995742334152,-0.0071557236832160585,1.4673935216133673,0.8829348856418198,0.24925682002480729,0.8809293830261875,-0.08486953141453014,0.22228049325965835,-0.08549696164593548,-1.1835660514293245,0,1
134,0.6552486549443182,-0.52642201221007,-0.5877408509859608,0.40637678696036683,0.12643334455987737,0.40664518038034514,0.5616603989786048,-0.7044783593679904,0.5618524814890591,-0.1139968196570646,0.6612431509059501,-0.11575901989794442,0.4465968313117375,-0.5971347798758161,0.4525497732546634,0.3305647337137219,0,0
1423,0.15424481184347255,1.712422971452857,-0.5877408509859608,0.2667100650946847,-0.17473173263025643,0.26719424517667895,-0.2867904369666638,1.5369158267616414,-0.2857895151490403,-0.4450016491177939,0.30075511138495015,-0.44653770383783076,0.8717699214927513,-1.4165500530112904,0.8724886882990339,0.3305647337137219,0,0
829,1.9578586470065167,1.712422971452857,-0.5877408509859608,-1.1740624341513008,0.026044985496499442,-1.1737987519278728,0.0183368938257182,-0.05696448337498566,0.017601472718694437,-0.3744917446172835,0.1462602373045216,-0.37254773506180355,0.4820279221601552,0.22228049325965835,0.4787959554449365,-1.1835660514293245,0,0
930,1.281503458820375,-0.52642201221007,-0.5877408509859608,0.4835610279914021,-0.12453755309856747,0.4833972454924406,1.8097296100906706,-0.9037133981350688,1.8101558590517246,-3.081288634053547,1.0732294817870929,-3.0797101220435055,0.1277170136759768,-0.18742714330807886,0.1244724958762492,-0.4265006588578013,0,0
321,-0.22150807048216165,-0.52642201221007,-0.5877408509859608,1.5494386422295037,-0.47589680982039023,1.5492780370491455,-0.786805546781277,0.7399756716933279,-0.7860372508698857,-0.04740413207324903,-1.398688503499764,-0.046121402226389316,-0.3328871673534548,0.22228049325965835,-0.3348356924535308,-1.1835660514293245,1,0
2403,-0.021106533241823412,1.712422971452857,-0.5877408509859608,-1.8613697233324213,-0.12453755309856747,-1.8613242929319942,0.48685498884885925,0.09246179570032313,0.4877417058267115,-0.9914534089967503,0.30075511138495015,-0.9905815918968545,1.3323741025221836,1.45140340296287,1.3317968766288133,-1.1835660514293245,0,0
1712,-0.22150807048216165,-0.52642201221007,-0.5877408509859608,0.3034644655856537,-0.927644425605591,0.303948755230358,-0.21395359026138575,-0.5550520802926816,-0.21399470122614145,-0.7407515263282689,-0.05973292813604984,-0.7424975789419396,0.19857919537281285,-1.0068424164435532,0.20321104244706867,0.3305647337137219,0,0
544,-1.4740176782342755,-0.6913895373220752,-0.5877408509859608,1.1249253165588111,1.6824529100422354,1.1244391414286738,-1.6608477072446164,0.6901669120015583,-1.6614707883813653,-0.9561984567464953,-0.4717192590171927,-0.955762783061077,0.1277170136759768,-0.18742714330807886,0.1244724958762492,-1.1835660514293245,0,0
1564,-0.5972609528077958,1.712422971452857,1.4600456498095045,-0.8101938692907074,0.829151858003523,-0.8105777113973928,0.8589134760731186,0.09246179570032313,0.8582955841384492,0.12691202071967977,-1.3471902121396213,0.12797264195249844,0.4465968313117375,-0.5971347798758161,0.4525497732546634,1.8446955188567684,0,1
2285,-0.7225119135830073,-0.6913895373220752,-0.5877408509859608,-0.001597058489389019,0.6283751398767671,-0.0019784902164445145,-1.0053160868971116,0.5905493926180191,-1.0060536161174798,-0.6428211034108932,-1.089698755338907,-0.642393503539079,-0.15573171311136558,1.0416957663951327,-0.15111241712161866,0.3305647337137219,0,0
1295,-1.6243188311645294,1.712422971452857,-0.5877408509859608,-1.1556852339058163,-0.32531427122532336,-1.1554214969010328,0.6797742044466235,0.839593191076867,0.6799665302009257,0.3971999879716368,0.40375169410523587,0.39781841042977467,-0.4391804398987086,-1.0068424164435532,-0.43982042121462284,-1.1835660514293245,0,0
221,-0.4970601841876267,-0.52642201221007,-0.5877408509859608,0.33838114605207437,-0.37550845075701234,0.3385412352808799,0.19747616545221333,0.3913143538509407,0.1982464883956667,-0.15121038036566692,-1.5016850862200497,-0.15057782873372197,0.05685483197914135,0.6319881298273955,0.05885704040056659,0.3305647337137219,0,0
2713,-1.6493690233195715,1.712422971452857,2.118262739350904,0.022293301829740528,-1.2288095027957249,0.02180383981828953,-0.4580554548952914,-0.10677324306675526,-0.45717068386821885,0.52842675468092,1.8457038521892357,0.5283889435639398,-1.8564240738354223,-0.5971347798758161,-1.8571142594893721,0.3305647337137219,0,1
1084,-0.8477628743582186,-0.52642201221007,1.6063161141520377,-0.9259702308372599,0.3272100626866333,-0.9262463165663253,0.6325286822594159,0.19207931508386233,0.6336472954119579,1.8798665909407042,-0.36872267629690697,1.8819701370547908,1.5095295567642728,0.22228049325965835,1.5155201519607253,-0.4265006588578013,0,1
2176,-1.0732146037535992,-0.52642201221007,-0.5877408509859608,1.2351885180317181,0.778957678471834,1.2347026715897127,2.024303023357571,0.14227055539209274,2.023224339080973,-1.8728272152531311,-0.31722438493676414,-1.8741088661047087,-0.3328871673534548,-1.0068424164435532,-0.3348356924535308,0.3305647337137219,0,0
173,-0.3217088391023308,-0.6913895373220752,-0.5877408509859608,-2.1057864865973652,-0.17473173263025643,-2.1056336832888056,-0.6431004167951877,-1.2025659562856863,-0.6424476230240873,0.6851154313487211,0.6612431509059501,0.6850735833249385,1.2615119208253482,-1.4165500530112904,1.2661814211531306,0.3305647337137219,0,0
2243,-0.24655826263720393,-0.6913895373220752,-0.5877408509859608,1.2204867578353307,0.47779260128170015,1.220649476569188,-0.37143866421874416,-0.10677324306675526,-0.37148009950862937,-0.8504335999957295,0.30075511138495015,-0.8513063565537443,0.6591833764022444,-1.0068424164435532,0.6625192307768486,0.3305647337137219,1,0
644,0.9057505764947409,1.712422971452857,-0.5877408509859608,-1.276974755526014,-1.078226964200658,-1.2764951770778594,0.43960946666165157,0.5407406329262495,0.4391065092982958,-0.6173591934523753,-1.8621731257410499,-0.616279396912246,0.09228592282755907,-0.5971347798758161,0.09822631368597604,1.087630126285245,0,0
479,-0.97301383513343,-0.52642201221007,-0.5877408509859608,-0.3728165034481764,-0.7268677074788351,-0.37276663575797575,-0.0663113334263622,-1.2025659562856863,-0.06577314990144635,-1.5555326450008342,0.24925682002480729,-1.556387235478239,1.296943011673766,0.6319881298273955,1.292427603343404,-1.1835660514293245,1,0
1244,-1.4990678703893179,-0.52642201221007,2.4108036680359706,0.5019382282368866,-0.2751200916936344,0.5017745005192805,-1.2513865149554844,0.9890194701521758,-1.2515455604990058,-1.6710905440433375,-1.3471902121396213,-1.669548364194516,-1.5375442561996615,-0.5971347798758161,-1.5421600732060945,-0.4265006588578013,0,1
1812,1.1312023058901215,-0.6913895373220752,1.0943694889531712,-0.5584262259275699,-0.2249259121619454,-0.5587012160295306,0.7663909951231708,1.1882545089192542,0.7656571145605144,1.8113152948985412,1.794205560829093,1.8123325193832365,-1.006077893473394,-0.18742714330807886,-1.0041133383054954,0.3305647337137219,0,1
509,0.4798973098590222,1.712422971452857,1.3869104176382379,-0.48675514497018013,-0.8272560665422131,-0.4862732109237503,-0.13521105328270652,-1.3519922353609952,-0.13525200208489727,1.0866301653099613,-0.31722438493676414,1.0854898849363799,-0.014007349717694715,1.0416957663951327,-0.019881506170252878,2.6017609114282916,0,1
2724,1.0310015372699524,1.712422971452857,2.3376684358647037,0.9319647139812237,0.026044985496499442,0.9320184711476459,1.1010467772825576,-0.6048608399844512,1.1014715667805262,1.2315671912276769,-0.4202209676570498,1.233469822488435,-1.3603888019575723,-0.5971347798758161,-1.3584367978741827,-0.4265006588578013,0,1
314,-0.17140768617207708,-0.52642201221007,-0.5877408509859608,0.9999603548895166,0.12643334455987737,1.0001224162471112,1.5439735477876282,0.44112311354271033,1.5438202590151628,0.6498604790984656,1.0732294817870929,0.6502547744891609,-2.9193567992879577,-1.0068424164435532,-2.9200846381954344,-0.4265006588578013,0,0
152,0.7554494235644872,1.712422971452857,1.3137751854669713,2.07502656925036,0.026044985496499442,2.0746513278164462,-0.023002938088088842,-0.15658200275852485,-0.024085838591375953,1.0631268638097913,1.38221922994795,1.0637281294140195,1.2615119208253482,1.0416957663951327,1.2661814211531306,1.8446955188567684,1,1
457,-1.423917293924191,1.712422971452857,-0.5877408509859608,0.884183993342964,1.0299285761302788,0.8844538110781786,1.4888537719025525,-1.0531396772103776,1.4882371772684027,1.542985936104932,-1.1926953380591927,1.54248675090596,-0.12030062226294787,0.22228049325965835,-0.12486623493134551,0.3305647337137219,0,0
272,0.003943658913218867,-0.52642201221007,-0.5877408509859608,0.07191174249254902,0.728763498940145,0.0715305298909148,1.0833297064623546,0.04265303600855354,1.0829438728649399,1.4489727301042512,2.3091884744305213,1.4510873777120445,0.19857919537281285,2.6805263126660814,0.20321104244706867,-0.4265006588578013,0,0
270,-0.5972609528077958,1.712422971452857,-0.5877408509859608,0.9889340347422261,0.17662752409156635,0.9893122662313228,1.2919974294558545,-0.30600828183383366,1.2913804294152917,0.22875966055375024,0.19775852866466442,0.22807671735535898,-0.9352157117765585,-0.5971347798758161,-0.9384978828298128,0.3305647337137219,0,0
1302,0.8807003843396987,1.712422971452857,-0.5877408509859608,1.4593903610266288,-0.07434337356687849,1.4595537919181045,-0.5545150626941736,1.2380632686110238,-0.55444107692505,1.815232511815236,-1.1411970466990498,1.8166848704877085,0.16314810452439452,0.6319881298273955,0.16384176916165924,-0.4265006588578013,0,0
2240,-0.8227126822031764,-0.52642201221007,2.2645332036934374,-0.6980929477932519,1.9836179872323692,-0.6981521512331968,0.8018251367635761,-0.5550520802926816,0.8027125023916882,1.9777970138580798,-1.450186794859907,1.977721861353179,0.37573464961490205,0.22228049325965835,0.3738112266838439,-0.4265006588578013,1,1
2769,-1.0982647959086413,-0.52642201221007,1.6063161141520377,-0.014461098661228487,0.22682170362325532,-0.014950670235389938,1.6207475213418399,-0.8539046384432992,1.620246996416959,0.5303853631392674,-1.1926953380591927,0.5283889435639398,1.5803917384611081,0.22228049325965835,1.5811356074364087,-0.4265006588578013,0,1
2261,-0.3968594155674576,-0.6913895373220752,-0.5877408509859608,-1.1722247141267523,-0.7268677074788351,-1.1727177369262938,0.5675660892520054,1.3376807879945631,0.5664844049679557,0.0622779415942116,0.4552499854653787,0.06268737538541543,-0.049438440566112435,-0.5971347798758161,-0.04612768836052603,1.087630126285245,1,0
2629,-0.19645787832711936,-0.52642201221007,-0.5877408509859608,-0.008947938587582928,1.0299285761302788,-0.008464580225917225,-0.176550885196513,1.5369158267616414,-0.17693931339496766,-0.6957035317862759,1.2792226472276644,-0.6946217167927453,0.6237522855538267,-0.18742714330807886,0.6231499574914392,-1.1835660514293245,0,0
533,0.2043451961535571,-0.6913895373220752,-0.5877408509859608,1.5567895223276969,-1.5801687595175475,1.5568451420601972,2.0498943478756417,0.9890194701521758,2.051015879954354,-0.07090743357341897,-0.729210715817907,-0.0722355088532219,-0.26202498565661936,1.8611110395306072,-0.2560971458827113,-0.4265006588578013,0,0
495,1.3065536509754174,1.712422971452857,-0.5877408509859608,0.28324954531562085,0.3272100626866333,0.28340947020036095,-0.9108250425226969,-0.20639076245029445,-0.911099184800097,-1.1403076518311612,-0.16272951085633555,-1.1385615294489089,0.4820279221601552,0.6319881298273955,0.4787959554449365,-0.4265006588578013,0,0
2453,1.2314030745102906,-0.6913895373220752,1.3869104176382379,0.5478812288505979,0.5781809603450782,0.5482581455871692,-0.9029507888248289,-1.003330917518608,-0.9018353378423037,0.9886997423925856,0.5582465681856644,0.9897381606379922,-1.0769400751702296,0.6319881298273955,-1.082851884876315,-1.1835660514293245,0,1
257,0.7053490392544027,-0.6913895373220752,-0.5877408509859608,0.49642506816324106,-0.47589680982039023,0.496369425511386,-0.9049193522492958,1.0388282298439455,-0.904151299581752,0.8633488010583447,0.6097448595458073,0.8635199786082983,1.1197875574316767,0.22228049325965835,1.1218274191066286,1.087630126285245,0,0
1767,-0.6974617214279649,1.712422971452857,1.4600456498095045,0.33470570600297717,0.3272100626866333,0.3342171752745648,-1.215952373315079,1.1384457492274846,-1.2168061344072805,-0.03761108978151147,2.0001987262696646,-0.03741670001744435,-0.510042621595544,-1.4165500530112904,-0.505435876690306,0.3305647337137219,0,1
2010,-0.8728130665132608,-0.52642201221007,-0.5877408509859608,-1.1685492740776553,-0.12453755309856747,-1.1683936769199785,-2.0722774629582155,-1.3021834756692257,-2.0713960162637246,-0.3823261784506737,-0.31722438493676414,-0.38125243727074776,0.09228592282755907,-0.5971347798758161,0.09822631368597604,1.087630126285245,0,0
568,-0.04615672539686569,-0.52642201221007,-0.5877408509859608,0.2060653042845856,0.47779260128170015,0.20557639008668685,-0.7277486440472676,0.09246179570032313,-0.7281382073836768,0.833969674183132,0.712741442266093,0.8330535208769937,1.3678051933706012,-0.5971347798758161,1.3711661499142234,-0.4265006588578013,0,0
1027,1.982908839161559,1.712422971452857,-0.5877408509859608,-0.7532245485297056,-0.2249259121619454,-0.7532839163137162,0.4730750448775906,-1.8002710725869215,0.4738459353900217,-0.5918972834938574,0.9187346077066644,-0.5901652902854126,1.9347026469452866,0.22228049325965835,1.935459067005096,0.3305647337137219,0,0
1790,0.10414442753338798,1.712422971452857,-0.5877408509859608,-1.1152553933657503,-0.927644425605591,-1.1154239418426168,-0.3104131980602679,0.5407406329262495,-0.31126509428297205,-0.8621852507458144,-1.3471902121396213,-0.8600110587626885,0.23401028622123057,-0.18742714330807886,0.22945722463734183,0.3305647337137219,0,0
254,0.3295961569287685,-0.52642201221007,1.752586578494571,-1.0068299119173916,-1.078226964200658,-1.007322441684736,-0.45411832804635716,0.24188807477563193,-0.45485472212877054,0.6146055268482107,-0.5747158417374784,0.6154359656533841,0.9426321031895875,-0.5971347798758161,0.9381041437747165,-0.4265006588578013,0,1
521,0.7554494235644872,-0.52642201221007,2.2645332036934374,-2.0377908456890728,1.0801227556619677,-2.0375297381893405,-1.9600693477635975,1.7859596252204895,-1.9602298527702038,-1.8845788660032166,-0.31722438493676414,-1.8828135683136533,-0.40374934905029086,-0.18742714330807886,-0.4004511479292134,-1.1835660514293245,0,1
1339,-0.24655826263720393,-0.52642201221007,1.898857042837104,-0.08613217961861765,-0.2249259121619454,-0.0862976603395913,1.2093177656282414,1.088636989535715,1.2103217685345997,-1.1187629587893386,-1.2441936294193354,-1.1167997739265476,-1.6438375287449154,2.6805263126660814,-1.6471448019671873,-0.4265006588578013,0,1
929,-0.4720099920325844,-0.6913895373220752,-0.5877408509859608,-1.4515581578581167,-0.37550845075701234,-1.451619607333626,-0.8911394082780272,0.19207931508386233,-0.8902555291450618,2.02480361685842,-0.36872267629690697,2.025597723502373,1.084356466583259,-1.0068424164435532,1.0824581458212186,-1.1835660514293245,0,0
168,-0.19645787832711936,-0.52642201221007,-0.5877408509859608,-0.5253472654856975,-0.5762851688837682,-0.5251897509805877,-0.2848218735421969,-1.2025659562856863,-0.2857895151490403,-0.5586009397019499,1.0217311904269502,-0.5596988325541076,0.23401028622123057,-0.5971347798758161,0.22945722463734183,-1.1835660514293245,0,0
436,-0.5471605684977112,1.712422971452857,1.6794513463233043,-1.4129660373425994,-0.5260909893520792,-1.412703067276789,0.829385024706114,1.7361508655287199,0.8305040432650688,-2.44082366817391,-0.4202209676570498,-2.4399145096860937,0.6946144672506621,1.45140340296287,0.6887654129671218,1.087630126285245,0,1
1939,-0.6724115292729227,1.712422971452857,-0.5877408509859608,-1.0288825522119731,0.07623916502818841,-1.0289427417163124,1.2053806387793078,0.04265303600855354,1.205689845055703,1.3157873549366201,-0.11123121949619269,1.3161644934734065,0.5174590130085729,-1.0068424164435532,0.5181652287303465,0.3305647337137219,0,0
783,0.7804996157195295,1.712422971452857,-0.5877408509859608,0.2189293444564251,0.3272100626866333,0.21854857010563228,0.1187336284735341,1.3376807879945631,0.11950378925442252,1.3902144763538258,-0.6262141330976213,1.3901544622494337,0.8363388306443337,-1.0068424164435532,0.8331194150136239,-0.4265006588578013,0,0
291,1.3316038431304598,-0.52642201221007,-0.5877408509859608,3.1390664634639136,-1.2790036823274138,3.1394511043715725,0.3077157172223641,-0.30600828183383366,0.3070966901497393,1.035706345392926,-0.008234636775906986,1.0376140227871862,-0.049438440566112435,1.8611110395306072,-0.04612768836052603,-0.4265006588578013,0,0
2585,-0.3217088391023308,-0.52642201221007,-0.5877408509859608,-0.13207518023232892,-0.9778386051372799,-0.13170029040590142,-0.14702243382950828,-0.505243320600912,-0.14683181078213842,-2.1822873516720387,0.352253402745093,-2.183125794522234,0.9072010123411697,0.22228049325965835,0.9118579615844433,0.3305647337137219,0,0
1237,-0.34675903125737306,-0.52642201221007,-0.5877408509859608,-0.42611038416008107,-0.37550845075701234,-0.42573637083533716,0.2939357732510955,-1.601036033819843,0.2932009197130494,0.43637215713858707,-1.1926953380591927,0.4369895703700243,-0.9352157117765585,0.6319881298273955,-0.9384978828298128,-0.4265006588578013,0,0
1263,-0.2966586469472885,-0.6913895373220752,-0.5877408509859608,0.3144907857329443,0.47779260128170015,0.3147589052461463,-0.688377375557928,0.7399756716933279,-0.6887668578130547,0.5147164954724877,0.30075511138495015,0.5153318902505236,0.9072010123411697,-0.5971347798758161,0.9118579615844433,-0.4265006588578013,0,0
677,-0.5972609528077958,1.712422971452857,1.1675047211244378,-0.5621016659766666,-1.3291978618591027,-0.5619442610342672,-1.5151740138340597,-1.4018009950527648,-1.515565198796119,-0.5233459874516945,-0.8322072985381926,-0.5248800237183301,-0.049438440566112435,0.6319881298273955,-0.04612768836052603,-0.4265006588578013,0,1
135,0.37969654123885305,-0.6913895373220752,-0.5877408509859608,-0.11921114006048998,-0.37550845075701234,-0.11872811038695562,-0.13324248985823964,-1.2025659562856863,-0.13293604034544856,0.13670506301141733,0.6097448595458073,0.13667734416144264,2.111858101187376,2.270818676098344,2.106059251241871,1.087630126285245,0,0
2276,-2.225523442885544,-0.52642201221007,-0.5877408509859608,0.45231978757407815,-0.12453755309856747,0.45204781044665526,0.2289731802436849,-0.505243320600912,0.22835399100849513,-0.37057452770058874,-0.26572609357662125,-0.37254773506180355,-0.15573171311136558,1.0416957663951327,-0.15111241712161866,0.3305647337137219,0,0
2108,0.37969654123885305,1.712422971452857,1.533180881980771,-0.32503578280991624,-0.47589680982039023,-0.325201975688508,1.5439735477876282,-1.0531396772103776,1.5438202590151628,-0.16296203111575244,1.5882123953885214,-0.16363488204713825,0.5174590130085729,-1.0068424164435532,0.5181652287303465,1.087630126285245,1,1
1395,0.22939538830859937,-0.6913895373220752,-0.5877408509859608,0.7849471120173476,-0.32531427122532336,0.785000430932928,-1.8714839936625833,-0.10677324306675526,-1.872223306671166,0.26989043817904845,-1.1411970466990498,0.27160022840008075,1.1552186482800944,-0.18742714330807886,1.161196692392038,-0.4265006588578013,0,0
367,1.0811019215800368,-0.52642201221007,0.7286933280968382,-1.3523212765325003,0.42759842175001117,-1.3521662271883759,-1.826207034899843,0.6403581523097887,-1.8259040718821988,0.1445394968448075,0.5582465681856644,0.1453820463703876,-0.049438440566112435,0.22228049325965835,-0.04612768836052603,-0.4265006588578013,0,1
1807,-1.4489674860792334,-0.52642201221007,-0.5877408509859608,-2.8114709760239704,0.829151858003523,-2.8115364793197672,-0.786805546781277,-0.15658200275852485,-0.7860372508698857,1.5371101107298892,-0.2142278022164784,1.538134399801488,0.16314810452439452,-0.5971347798758161,0.16384176916165924,1.087630126285245,0,0
1544,-1.1233149880636837,1.712422971452857,-0.5877408509859608,-1.072987832801136,-0.8272560665422131,-1.0732643567810431,-0.7001887561047297,0.7399756716933279,-0.7003466665102963,0.8398454995581747,-0.26572609357662125,0.8417582230859378,-0.4746115307471263,-1.0068424164435532,-0.47918969450003285,-0.4265006588578013,0,0
1461,-1.2736161409939373,1.712422971452857,-0.5877408509859608,-0.8873781103217426,0.37740424221832225,-0.8873297765094883,0.3077157172223641,0.14227055539209274,0.3070966901497393,-0.09636934353193687,1.3307209385878072,-0.09834961548005526,0.26944137706964827,0.22228049325965835,0.2688264979227519,-0.4265006588578013,0,0
685,-0.021106533241823412,1.712422971452857,-0.5877408509859608,0.6654953104216983,0.3272100626866333,0.6650077657576804,0.28999864640216116,-0.8040958787515295,0.2908849579736007,-1.2264864239984519,1.38221922994795,-1.2256085515383524,-0.014007349717694715,-0.5971347798758161,-0.019881506170252878,-1.1835660514293245,0,0
460,0.22939538830859937,-0.6913895373220752,-0.5877408509859608,-0.5547507858784726,0.5781809603450782,-0.5543771560232155,-0.4108099327080838,-0.35581704152560323,-0.4108514490792514,-1.1951486886648917,0.9702328990668073,-1.1951420938070474,0.5174590130085729,-0.18742714330807886,0.5181652287303465,0.3305647337137219,0,0
962,0.5299976941691067,-0.52642201221007,-0.5877408509859608,-0.11737342003594163,0.47779260128170015,-0.11764709538537664,-2.1490514365124276,-0.8040958787515295,-2.150138715404969,0.2091735759702751,0.1462602373045216,0.21066731293746982,-0.19116280395978394,1.0416957663951327,-0.19048169040702811,1.087630126285245,0,0
759,1.281503458820375,-0.6913895373220752,-0.5877408509859608,-1.44788271780902,1.0801227556619677,-1.4483765623288898,-1.1667382877034045,-0.6546695996762208,-1.1658549761394168,-0.049362740531596436,1.2277243558675215,-0.05047375333086141,-0.9706468026249763,-0.5971347798758161,-0.9647440650200859,0.3305647337137219,0,0
2567,0.003943658913218867,-0.52642201221007,-0.5877408509859608,-1.1281194335375895,-0.5762851688837682,-1.1283961218615626,-0.02497150151255571,-0.15658200275852485,-0.024085838591375953,-2.893262222052186,-2.0166679998214785,-2.892559024551201,0.4465968313117375,0.22228049325965835,0.4525497732546634,-0.4265006588578013,0,0
2638,0.9558509608048255,-0.52642201221007,-0.5877408509859608,-0.33973754300630404,1.0299285761302788,-0.33925517070903244,-0.15686525095184317,1.835768384912259,-0.15609565773993248,-0.6408624949525452,-0.2142278022164784,-0.642393503539079,0.3403035587664837,3.499941585801556,0.33444195339843447,-1.1835660514293245,1,0
1979,1.3065536509754174,-0.6913895373220752,-0.5877408509859608,-0.4665402247001473,-2.232693093429504,-0.46681494089533176,1.2230977095995101,-0.8040958787515295,1.2242175389712895,3.2646027709923957,-0.5747158417374784,3.266017788276948,1.8638404652484513,-1.0068424164435532,1.8698436115294133,-0.4265006588578013,0,0
1088,-0.6223111449628381,-0.6913895373220752,-0.5877408509859608,0.4339425873285936,-1.9817221957710593,0.43367055541981536,-0.7710570393855415,1.3376807879945631,-0.7721414804331955,-0.4920082521181343,-0.16272951085633555,-0.4900612148825525,-0.6517669849892155,-0.5971347798758161,-0.649789878736808,-1.1835660514293245,0,0
210,-0.9229134508233454,1.712422971452857,2.9227502932348366,-1.5728476794783144,0.17662752409156635,-1.5726932875104527,-1.2730407126246215,0.04265303600855354,-1.272389216154041,-1.0502116627471756,-0.5747158417374784,-1.051514507359465,-2.0335795280775115,-0.18742714330807886,-2.027714443726148,-1.1835660514293245,0,1
2001,0.3295961569287685,-0.52642201221007,-0.5877408509859608,-0.19823310111607356,-0.2249259121619454,-0.19872322050378727,-1.0033475234726448,-0.8539046384432992,-1.0037376543780314,-0.08070047586515654,0.9702328990668073,-0.08094021106216687,-1.9981484372290939,-0.18742714330807886,-2.0014682615358743,0.3305647337137219,0,0
1869,0.555047886324149,-0.6913895373220752,-0.5877408509859608,1.4318245606584021,-0.42570263028870126,1.4314474018770558,0.21125610942348197,-1.4516097547445344,0.21214225883235655,-0.22955471869956745,0.19775852866466442,-0.22892014861422127,-0.2974560765050371,-1.0068424164435532,-0.2954664191681207,0.3305647337137219,0,0
365,0.2043451961535571,-0.52642201221007,-0.5877408509859608,0.07374946251709735,0.9797343965985899,0.07369255989407238,-1.584073733690404,0.9392107104604063,-1.5850440509795694,-0.9268193298712826,-0.729210715817907,-0.9252963253297715,0.26944137706964827,-0.5971347798758161,0.2688264979227519,-1.1835660514293245,0,0
2513,-0.1463574940170348,-0.6913895373220752,-0.5877408509859608,-0.9443474310827444,0.728763498940145,-0.9446235715931652,0.301810026948963,-0.6048608399844512,0.30246476667084266,1.0631268638097913,-0.2142278022164784,1.0637281294140195,-1.3958198928059904,-1.0068424164435532,-1.3978060711595925,3.3588263039998147,0,0
2740,-0.9980640272884723,-0.52642201221007,1.533180881980771,-0.9516983111809384,0.9295402170669009,-0.9521906766042169,-0.5742006969388435,-0.8539046384432992,-0.5752847325800851,0.9769480916425006,0.712741442266093,0.9766811073245751,0.5174590130085729,0.6319881298273955,0.5181652287303465,1.087630126285245,1,1
420,-0.9980640272884723,-0.6913895373220752,-0.5877408509859608,-2.4806813716052494,0.37740424221832225,-2.480745888836652,-0.975787635530107,-1.3021834756692257,-0.9759461135046512,-0.9424881975380623,-0.31722438493676414,-0.9427057297476603,-0.15573171311136558,0.6319881298273955,-0.15111241712161866,0.3305647337137219,0,0
1738,-0.522110376342669,1.712422971452857,1.6063161141520377,0.07742490256619405,1.5820645509788576,0.07693560489880853,-0.6568803607664564,0.44112311354271033,-0.6563433934607775,0.2307182690120982,0.712741442266093,0.23242906845983108,-0.08486953141453014,2.270818676098344,-0.08549696164593548,-1.1835660514293245,1,1
1659,0.9558509608048255,-0.52642201221007,-0.5877408509859608,0.5717715891697274,0.12643334455987737,0.572040475621903,0.1187336284735341,0.3913143538509407,0.11950378925442252,-0.13945872961558195,-1.5531833775801926,-0.1375207754203049,-1.6438375287449154,-0.18742714330807886,-1.6471448019671873,-1.1835660514293245,0,0
1726,-1.0982647959086413,-0.52642201221007,2.118262739350904,0.3898373067394307,-1.2288095027957249,0.38934894035508455,1.5597220551833642,1.088636989535715,1.5600319911913014,-0.9170262875795451,0.5067482768255216,-0.9165916231208269,0.5528901038569913,-1.4165500530112904,0.557534502015756,-0.4265006588578013,0,1
2476,0.1792950039985148,-0.52642201221007,-0.5877408509859608,0.5625829890469851,0.829151858003523,0.5623113406076933,-0.721842953773867,0.14227055539209274,-0.7211903221653315,0.007436904760481561,-1.6561799603004783,0.006106811027277396,-0.2974560765050371,0.22228049325965835,-0.2954664191681207,-1.1835660514293245,0,0
108,0.6552486549443182,-0.6913895373220752,-0.5877408509859608,-0.611720106639475,-0.47589680982039023,-0.6116709511068921,0.051802472041656646,-1.1029484369021472,0.05234089881042031,0.04660907392743183,0.5067482768255216,0.045277970967527045,1.22608082997693,-0.5971347798758161,1.2268121478677212,-0.4265006588578013,0,0
2820,-1.2235157566838528,-0.52642201221007,-0.5877408509859608,-1.012343071991037,1.5318703714471684,-1.01272751669263,1.9613089937746278,0.8894019507686367,1.9606933721158675,-0.16687924803244725,0.30075511138495015,-0.16798723315161035,0.4820279221601552,-0.18742714330807886,0.4787959554449365,0.3305647337137219,0,0
2694,-0.5722107606527536,-0.52642201221007,-0.5877408509859608,-1.4056151572444056,0.728763498940145,-1.4051359622657373,-1.6332878193020786,0.09246179570032313,-1.633679247507985,-0.0003975290729086042,-0.31722438493676414,0.0017544599228052984,0.6237522855538267,-0.5971347798758161,0.6231499574914392,1.8446955188567684,0,0
1880,0.22939538830859937,-0.52642201221007,-0.5877408509859608,-0.5179963853875036,0.2770158831549443,-0.517622645969536,-1.2376065709842157,1.2878720283027933,-1.2376497900623156,0.6361502198900332,0.6097448595458073,0.6371977211757446,0.3403035587664837,1.45140340296287,0.33444195339843447,1.087630126285245,0,0
889,0.5800980784791913,-0.52642201221007,-0.5877408509859608,-0.23131206155794537,0.9295402170669009,-0.2311536705511516,0.6364658091083496,2.1346209430628766,0.6359632571514067,-1.790565660002536,0.7642397336262359,-1.7914141951197373,0.021423741130723633,0.22228049325965835,0.019487767115156568,-1.1835660514293245,0,0
332,0.35464634908381076,-0.52642201221007,-0.5877408509859608,0.0755871825416457,-0.12453755309856747,0.07585458989722994,2.4829783012583775,-1.3519922353609952,2.484100725231197,0.22484244363705544,0.30075511138495015,0.2237243662508869,-0.9706468026249763,0.6319881298273955,-0.9647440650200859,0.3305647337137219,0,0
2309,-0.22150807048216165,-0.52642201221007,-0.5877408509859608,1.3932324401428853,1.2307052942570347,1.3936118768217973,-1.1450840900342678,0.5407406329262495,-1.145011320484381,-0.38820200382571646,0.043263654584235874,-0.38995713947969196,0.5174590130085729,-0.5971347798758161,0.5181652287303465,-1.1835660514293245,1,0
2693,1.281503458820375,1.712422971452857,-0.5877408509859608,0.884183993342964,-0.37550845075701234,0.8844538110781786,-1.2691035857756872,0.2916968344674015,-1.2700732544145927,-0.07286604203176637,0.352253402745093,-0.0722355088532219,-0.4391804398987086,-1.0068424164435532,-0.43982042121462284,-0.4265006588578013,0,0
2611,2.0079590313166014,1.712422971452857,2.3376684358647037,-1.3743739168270819,-1.9817221957710593,-1.3748675422215308,2.7644828709571563,-1.0531396772103776,2.7643320957044484,-0.691786314869581,-0.16272951085633555,-0.6902693656882732,-1.3958198928059904,-0.5971347798758161,-1.3978060711595925,0.3305647337137219,0,1
1921,-0.522110376342669,-0.52642201221007,-0.5877408509859608,0.32367938585568656,-0.877450246073902,0.32340702525877735,-0.7159372635004658,-0.7044783593679904,-0.7165583986864349,-2.096108579504748,-0.11123121949619269,-2.0960787724327905,-1.3603888019575723,0.6319881298273955,-1.3584367978741827,-0.4265006588578013,0,0
2042,0.6552486549443182,1.712422971452857,-0.5877408509859608,1.2407016781053637,-0.07434337356687849,1.241188761599185,-1.818332781201975,0.8894019507686367,-1.8189561866638535,0.6067710930148206,-1.450186794859907,0.6067312634444392,0.1277170136759768,-0.5971347798758161,0.1244724958762492,0.3305647337137219,1,0
1017,1.0811019215800368,1.712422971452857,1.9719922750083707,-0.09532077974135991,1.3310936533204127,-0.09494578035222197,0.3687411833808404,-0.35581704152560323,0.3696276571148457,1.0729199061015289,-0.5232175503773355,1.0724328316229637,0.9072010123411697,-0.5971347798758161,0.9118579615844433,-1.1835660514293245,1,1
2233,-0.2966586469472885,-0.52642201221007,1.9719922750083707,-0.10267165983955381,0.37740424221832225,-0.10251288536327366,-0.08205984082209826,-0.0071557236832160585,-0.08198488207758492,-1.4419333544166784,-1.3471902121396213,-1.4432261067619618,0.5528901038569913,-0.5971347798758161,0.557534502015756,-0.4265006588578013,0,1
1970,1.181302690200206,-0.6913895373220752,1.2406399532957046,0.9319647139812237,0.07623916502818841,0.9320184711476459,0.648277189655152,0.44112311354271033,0.6475430658486486,0.2894765227625236,-0.5232175503773355,0.2890096328179699,1.1552186482800944,-1.0068424164435532,1.161196692392038,1.087630126285245,0,1
1321,-0.7726122978930918,-0.6913895373220752,-0.5877408509859608,-0.5804788662221511,0.47779260128170015,-0.5803215160611067,1.3038088100026568,-0.505243320600912,1.3029602381125338,-0.9699087159549277,0.043263654584235874,-0.9688198363744932,-0.4746115307471263,-0.18742714330807886,-0.47918969450003285,-1.1835660514293245,0,0
199,0.1792950039985148,1.712422971452857,-0.5877408509859608,-0.7605754286278994,1.0801227556619677,-0.7608510213247679,-0.562389316392041,0.839593191076867,-0.5613889621433948,0.5989366591814304,-0.4202209676570498,0.598026561235495,-0.15573171311136558,-0.5971347798758161,-0.15111241712161866,-0.4265006588578013,0,0
2268,-1.0231142194435145,-0.52642201221007,-0.5877408509859608,0.5111268283596289,0.42759842175001117,0.5115036355334894,-1.523048267531928,0.5905493926180191,-1.5225130840144638,1.774101734189939,0.7642397336262359,1.773161359442986,-1.6084064378964973,1.8611110395306072,-1.6077755286817774,-1.1835660514293245,0,0
2099,-2.4509751722809243,1.712422971452857,-0.5877408509859608,-0.34892614312904635,-0.2249259121619454,-0.3489843057232417,0.8667877297709867,-0.9037133981350688,0.8675594310962425,-0.39603643765910607,0.1462602373045216,-0.39430949058416404,-0.8997846209281405,0.6319881298273955,-0.8991286095444028,-0.4265006588578013,1,0
289,-0.5972609528077958,-0.6913895373220752,-0.5877408509859608,0.9191006738093848,-0.6766735279471461,0.9190462911287005,-1.922666642698725,1.8855771446040286,-1.9231744649390299,2.126651256692491,1.8457038521892357,2.1257017989052334,0.37573464961490205,-0.5971347798758161,0.3738112266838439,0.3305647337137219,0,0
246,0.22939538830859937,-0.52642201221007,2.1913979715221705,1.0348770353559373,0.07623916502818841,1.034714896297633,-0.09780834821783377,0.5905493926180191,-0.0981966142537235,-0.3431540092837234,-0.9352038812584784,-0.3420812773304981,-0.19116280395978394,0.6319881298273955,-0.19048169040702811,-0.4265006588578013,0,1
2259,1.7825073019212208,1.712422971452857,-0.5877408509859608,-0.18720678096878243,1.1303169351936568,-0.18683205548642043,-0.3497844665496075,-0.30600828183383366,-0.35063644385359416,3.7993028801212674,-1.450186794859907,3.7970046230225543,0.8717699214927513,1.0416957663951327,0.8724886882990339,0.3305647337137219,0,0
1089,-0.5471605684977112,-0.52642201221007,-0.5877408509859608,0.6177145897834387,0.47779260128170015,0.617443105688213,0.6699313873242887,1.0388282298439455,0.6707026832431316,0.5597644900144801,2.927167970752236,0.5588554012952454,-0.510042621595544,-0.5971347798758161,-0.505435876690306,0.3305647337137219,0,0
1651,-1.323716525304022,-0.6913895373220752,-0.5877408509859608,0.33470570600297717,-1.3793920413907916,0.3342171752745648,0.038022528070388,0.7399756716933279,0.03844512837372963,-1.0697977473306508,-1.398688503499764,-1.068923911777354,-1.8209929829870046,0.22228049325965835,-1.8177449862039627,-0.4265006588578013,0,0
599,-0.8227126822031764,1.712422971452857,-0.5877408509859608,-0.3764919434972731,1.1303169351936568,-0.3760096807627119,0.7860766293678406,-0.35581704152560323,0.7865007702155496,0.18175305755341037,-1.2441936294193354,0.18020085520616516,0.4111657404633198,-0.5971347798758161,0.41318049996925393,-0.4265006588578013,0,0
478,-0.42190960772249986,-0.52642201221007,-0.5877408509859608,-0.38568054362001536,-1.028032784668969,-0.38573881577692115,-0.6490061070685883,1.3874895476863327,-0.6493955082424326,-0.6545727541609782,0.043263654584235874,-0.6554505568524956,0.7300455580990804,0.22228049325965835,0.7281346862525312,-0.4265006588578013,0,0
471,0.2043451961535571,-0.6913895373220752,-0.5877408509859608,0.7151137510845068,0.22682170362325532,0.7147344558303057,1.9494976132278254,-0.6546695996762208,1.9491135634186256,-0.8308475154122543,0.5067482768255216,-0.8295446010313834,0.37573464961490205,-0.18742714330807886,0.3738112266838439,0.3305647337137219,0,0
1510,-1.1734153723737681,1.712422971452857,2.2645332036934374,-1.146496633783074,-0.927644425605591,-1.1467733768884025,-0.820271124997216,-1.999506111354,-0.8207766769616113,0.6929498651821112,0.6612431509059501,0.6937782855338834,0.37573464961490205,2.270818676098344,0.3738112266838439,0.3305647337137219,0,1
96,-0.6473613371178804,-0.6913895373220752,-0.5877408509859608,-0.2515269818279782,1.2307052942570347,-0.25169295558114907,-0.8399567592418857,-0.7044783593679904,-0.8393043708771981,1.090547382226656,-1.038200463978764,1.0898422360408528,-1.4666820745028262,0.22228049325965835,-1.4634215266352755,-0.4265006588578013,0,0
2154,0.4548471177039799,-0.6913895373220752,-0.5877408509859608,2.09891692956949,-0.024149194035189527,2.0984336578511797,0.622685865137081,-2.348167429196387,0.6220674867147168,-0.1179140365737594,-1.8621731257410499,-0.11575901989794442,-0.4391804398987086,-1.4165500530112904,-0.43982042121462284,-1.1835660514293245,0,0
2347,-0.97301383513343,-0.52642201221007,1.752586578494571,0.7059251509617646,-0.37550845075701234,0.7060863358176753,0.705365528964694,1.586724586453411,0.7054421093348575,-0.17275507340749,1.8972021435493787,-0.17233958425608245,1.0489253757348407,-0.5971347798758161,1.0430888725358092,-1.1835660514293245,1,1
1114,0.4297969255489376,-0.52642201221007,-0.5877408509859608,-0.4665402247001473,0.5781809603450782,-0.46681494089533176,-0.3281302688804708,0.24188807477563193,-0.32747682645911064,0.3208142580960837,0.09476194594437873,0.31947609054927456,0.8363388306443337,0.22228049325965835,0.8331194150136239,0.3305647337137219,0,0
655,-0.12130730186199253,-0.52642201221007,1.3869104176382379,1.49430704149305,-0.2249259121619454,1.4941462719686265,0.3943325078989114,0.04265303600855354,0.3951032362487775,-0.4234569560759714,-0.16272951085633555,-0.4247759483154695,0.37573464961490205,-1.0068424164435532,0.3738112266838439,-0.4265006588578013,0,1
1621,-0.3217088391023308,-0.6913895373220752,1.4600456498095045,0.195038984137295,0.17662752409156635,0.19476624007089863,0.7171769095114963,0.24188807477563193,0.7170219180320995,0.2072149675119277,0.8157380249863787,0.20631496183299772,-0.15573171311136558,-1.4165500530112904,-0.15111241712161866,0.3305647337137219,0,1
1260,2.2083605685569396,-0.6913895373220752,-0.5877408509859608,0.8713199531711251,-0.8272560665422131,0.8714816310592324,-0.489552469686763,-0.9535221578268384,-0.4895941482204956,0.09949150230281446,1.0217311904269502,0.09750618422119298,-1.3958198928059904,-0.18742714330807886,-1.3978060711595925,0.3305647337137219,0,0
2708,-1.0732146037535992,-0.6913895373220752,2.2645332036934374,0.5864733493661153,-3.0357999659365276,0.5860936706424277,1.4475139399887453,-1.2025659562856863,1.4465498659583322,0.18567027447010517,2.0001987262696646,0.18455320631063724,-1.7146997104417507,-0.18742714330807886,-1.7127602574428702,-0.4265006588578013,0,1
2446,-0.3968594155674576,-0.6913895373220752,-0.5877408509859608,-0.6539876672040891,-0.6264793484154572,-0.6538305361684656,1.2545947243909823,0.24188807477563193,1.254325041584118,-0.3059404485751206,-0.31722438493676414,-0.30726246849472055,-0.12030062226294787,-0.5971347798758161,-0.12486623493134551,-0.4265006588578013,0,0
1264,-0.9229134508233454,-0.6913895373220752,-0.5877408509859608,0.7279777912563458,1.2808994737887236,0.7277066358492511,2.0164287696597034,-0.0071557236832160585,2.0162764538626288,-0.9111504622045022,-1.810674834380907,-0.9122392720163548,-0.19116280395978394,0.22228049325965835,-0.19048169040702811,-0.4265006588578013,0,0
1239,-0.44695979987754214,1.712422971452857,-0.5877408509859608,-0.8745140701499031,0.9797343965985899,-0.8743575964905425,-1.5604509725968005,0.04265303600855354,-1.5595684718456375,-0.06503160819837676,-0.8322072985381926,-0.06353080664427771,-0.58090480329238,-1.0068424164435532,-0.5841744232611255,-0.4265006588578013,0,0
104,0.4798973098590222,-0.52642201221007,2.2645332036934374,0.373297826518495,-1.6303629390492365,0.3731337153314018,0.38448969077657646,-0.15658200275852485,0.38352342755153557,1.0337477369345787,0.8157380249863787,1.0332616716827139,0.09228592282755907,-0.18742714330807886,0.09822631368597604,-1.1835660514293245,0,1
2011,0.003943658913218867,-0.52642201221007,-0.5877408509859608,0.693061110789925,0.8793460375352119,0.6931141557987291,0.6069373577413449,1.3874895476863327,0.6058557545385782,-0.307899057033468,1.433717521308093,-0.30726246849472055,-3.6279786162563146,-1.8262576895790277,-3.628731557332809,1.087630126285245,0,0
842,0.0790942353783457,-0.52642201221007,-0.5877408509859608,-0.43713670430737217,-0.37550845075701234,-0.437627535852704,-0.15489668752737631,-2.2983586695046174,-0.15377969600048375,0.4246205063885016,-0.31722438493676414,0.4239325170566072,1.0134942848864228,0.22228049325965835,1.0168426903455359,-0.4265006588578013,0,0
2313,0.730399231409445,-0.6913895373220752,-0.5877408509859608,0.6654953104216983,0.2770158831549443,0.6650077657576804,3.2054410780377594,-0.7044783593679904,3.2043648261996363,-1.455643613625111,1.1762260645073788,-1.4562831600753785,2.3598757371263006,-1.0068424164435532,2.3553979820494653,2.6017609114282916,1,0
1429,1.5570555725258401,-0.6913895373220752,2.3376684358647037,0.9540173542758054,-2.232693093429504,0.9536387711792224,0.21519323627241627,-0.4554345609091424,0.21445822057180525,1.321663180311663,-1.3471902121396213,1.3205168445778785,0.7300455580990804,-0.5971347798758161,0.7281346862525312,0.3305647337137219,0,1
581,-1.0982647959086413,-0.6913895373220752,1.6063161141520377,1.001798074914065,1.4816761919154795,1.0022844462502682,-0.11158829218910296,0.7897844313850975,-0.11209238469041335,1.3275390056867056,-0.31722438493676414,1.3292215467868227,0.4111657404633198,-0.18742714330807886,0.41318049996925393,0.3305647337137219,1,1
605,0.4548471177039799,-0.52642201221007,1.3137751854669713,-0.34341298305540074,-0.17473173263025643,-0.34357923071534757,0.9730901546922037,0.4909318732344799,0.9740936711108672,-1.1481420856645512,-0.4202209676570498,-1.147266231657853,-1.289526620260737,1.45140340296287,-1.2928213423984998,-0.4265006588578013,0,1
2365,0.9057505764947409,-0.6913895373220752,-0.5877408509859608,1.4336622806829509,0.5781809603450782,1.433609431880213,0.8982847445624583,0.839593191076867,0.8976669337090709,-0.5448906804935175,-0.008234636775906986,-0.5466417792406909,0.23401028622123057,-0.5971347798758161,0.22945722463734183,-1.1835660514293245,1,0
2106,-0.12130730186199253,-0.52642201221007,-0.5877408509859608,-0.11186025996229607,0.5279867808133891,-0.11224202037748292,1.703427185169453,0.24188807477563193,1.7036216190370999,0.07402959234429712,-0.4717192590171927,0.0757444286988325,-0.40374934905029086,1.0416957663951327,-0.4004511479292134,-0.4265006588578013,0,0
1938,1.1312023058901215,-0.52642201221007,-0.5877408509859608,0.2924381454383631,-0.7268677074788351,0.2920575902129912,0.5459118915828687,-0.9037133981350688,0.5456407493129205,2.0071761407332924,-0.31722438493676414,2.0081883190844847,0.6946144672506621,-0.18742714330807886,0.6887654129671218,1.087630126285245,0,0
2069,-1.5241180625443602,1.712422971452857,-0.5877408509859608,-1.8062381225959678,1.1303169351936568,-1.8061925278514752,0.1836962214809441,0.3913143538509407,0.1843507179589768,0.21504940134531786,-1.8621731257410499,0.21501966404194192,0.37573464961490205,-0.5971347798758161,0.3738112266838439,3.3588263039998147,0,0
226,0.9057505764947409,1.712422971452857,-0.5877408509859608,0.48539874801595045,1.0801227556619677,0.4855592754955986,-1.4344629134309137,0.09246179570032313,-1.434506537915426,-0.12770707886549698,-0.8322072985381926,-0.1288160732113607,-0.510042621595544,0.22228049325965835,-0.505435876690306,0.3305647337137219,0,0
231,-0.12130730186199253,-0.52642201221007,2.118262739350904,-0.1339129002568778,-0.37550845075701234,-0.13386232040905902,-1.5899794239638052,0.7897844313850975,-1.589675974458466,0.2953523481375658,-0.729210715817907,0.293361983922442,0.021423741130723633,0.22228049325965835,0.019487767115156568,2.6017609114282916,0,1
1272,-0.12130730186199253,-0.6913895373220752,-0.5877408509859608,-0.1743427407969435,-0.7268677074788351,-0.17385987546747503,1.5085394061472224,-0.6048608399844512,1.5090808329234378,-0.7544617855367012,0.8672363163465215,-0.7555546322553562,0.6946144672506621,0.6319881298273955,0.6887654129671218,-0.4265006588578013,0,0
251,1.8075574940762629,1.712422971452857,0.948099024610638,0.9632059543985476,-0.2249259121619454,0.9633679061934313,0.21716179969688312,0.8894019507686367,0.21677418231125398,1.409800560937301,0.09476194594437873,1.411916217771794,-1.8564240738354223,0.22228049325965835,-1.8571142594893721,1.087630126285245,0,1
111,0.3045459647737262,-0.6913895373220752,-0.5877408509859608,0.25384602492284575,-0.07434337356687849,0.25422206515773355,0.40417532502124626,1.2380632686110238,0.4043670832065707,-0.5625181566186447,-1.7076782516606213,-0.5640511836585798,0.1277170136759768,0.6319881298273955,0.1244724958762492,-0.4265006588578013,0,0
51,-1.2736161409939373,-0.52642201221007,-0.5877408509859608,-0.420597224086436,-0.5260909893520792,-0.42033129582744305,0.441578030086119,-1.4018009950527648,0.4414224710377445,-0.3842847869090211,0.5582465681856644,-0.38560478837521983,-1.4666820745028262,-1.0068424164435532,-1.4634215266352755,-0.4265006588578013,0,0
1577,0.8055498078745718,1.712422971452857,-0.5877408509859608,1.2094604376880402,0.07623916502818841,1.2098393265533998,1.2565632878154485,-0.505243320600912,1.2566410033235667,-1.7494348823772379,0.1462602373045216,-1.7478906840750152,0.3403035587664837,1.0416957663951327,0.33444195339843447,-1.1835660514293245,0,0
2662,0.15424481184347255,-0.6913895373220752,2.0451275071796373,-1.5379309990118941,-0.877450246073902,-1.5381008074599307,-0.41868418640595184,-0.4554345609091424,-0.41779933429759675,-0.6800346641194955,1.0732294817870929,-0.6815646634793286,0.021423741130723633,-1.0068424164435532,0.019487767115156568,-0.4265006588578013,0,1
1005,-0.021106533241823412,1.712422971452857,-0.5877408509859608,1.2462148381790092,0.829151858003523,1.2465938366070795,-1.395091644941574,-0.25619952214206404,-1.395135188344804,-1.3067893707906997,1.2792226472276644,-1.3083032225233242,-1.1832333477154833,-1.0068424164435532,-1.1878366136374072,-0.4265006588578013,0,0
670,-0.6473613371178804,-0.52642201221007,-0.5877408509859608,2.4738118145773744,0.07623916502818841,2.473545863399026,-0.6116034020037155,-0.7044783593679904,-0.6123401204112588,1.6467921843973505,-0.008234636775906986,1.6469431774132928,-1.6084064378964973,-0.5971347798758161,-1.6077755286817774,0.3305647337137219,0,0
1920,-0.6473613371178804,1.712422971452857,-0.5877408509859608,0.540530348752404,1.6322587305105465,0.5406910405761176,0.20928754599901508,1.0388282298439455,0.20982629709290865,1.766267300356548,1.1762260645073788,1.7644566572340417,-1.0769400751702296,-0.18742714330807886,-1.082851884876315,-0.4265006588578013,0,0
2490,-0.07120691755190797,1.712422971452857,-0.5877408509859608,-0.39670686376730596,-1.4797804004541697,-0.3965489657927094,2.081391362667114,-1.7006535532033824,2.081123382567182,-1.1128871334142965,-0.36872267629690697,-1.1124474228220755,-2.88392570843954,-0.18742714330807886,-2.880715364910025,-0.4265006588578013,1,0
511,-0.9229134508233454,-0.6913895373220752,0.8018285602681048,0.0020783815597076737,0.2770158831549443,0.0023455697898710107,-1.4443057305532485,-0.40562580121737285,-1.4437703848732197,0.7125359497655863,0.9187346077066644,0.7111876899517718,-0.9706468026249763,-0.5971347798758161,-0.9647440650200859,-1.1835660514293245,0,1
485,-1.8247203684048674,-0.52642201221007,-0.5877408509859608,0.1435828234499387,-0.32531427122532336,0.14395853499669475,0.9396245764762647,-0.7044783593679904,0.9393542450191413,0.15237393067819766,1.2277243558675215,0.1540867485793318,0.1277170136759768,0.22228049325965835,0.1244724958762492,-1.1835660514293245,0,0
1912,2.283511145022066,-0.52642201221007,-0.5877408509859608,0.09212666276258187,-0.6264793484154572,0.09206981492091192,0.4730750448775906,-0.10677324306675526,0.4738459353900217,0.22288383517870802,0.24925682002480729,0.2237243662508869,0.4111657404633198,-0.5971347798758161,0.41318049996925393,0.3305647337137219,0,0
999,-0.34675903125737306,-0.6913895373220752,1.4600456498095045,-0.6705271474250252,0.2770158831549443,-0.670045761192148,0.4455151569350528,2.333855981829955,0.44605439451664114,-0.5018012944098719,-1.6046816689403356,-0.5031182681959692,0.3403035587664837,0.22228049325965835,0.33444195339843447,-1.1835660514293245,0,1
1446,-1.1734153723737681,-0.52642201221007,-0.5877408509859608,1.7240220445616063,0.6283751398767671,1.724402467304912,-1.5998222410861402,2.7821348190558814,-1.5989398214162596,1.3040357041865358,0.8672363163465215,1.3031074401599894,0.5174590130085729,-0.5971347798758161,0.5181652287303465,-0.4265006588578013,0,0
464,1.6071559568359248,-0.6913895373220752,-0.5877408509859608,-0.5418867457066336,-1.2790036823274138,-0.5414049760042697,-0.15292812410290946,-0.35581704152560323,-0.15377969600048375,2.1658234258594415,-0.36872267629690697,2.1648729588454834,0.021423741130723633,-1.0068424164435532,0.019487767115156568,-0.4265006588578013,0,0
2541,2.0330092234716433,-0.52642201221007,1.1675047211244378,-0.9535360312054867,0.17662752409156635,-0.9532716916057955,-1.1313041460629987,1.3376807879945631,-1.1311155500476913,-0.19625837490765993,-0.11123121949619269,-0.1984536908829158,0.4820279221601552,-0.5971347798758161,0.4787959554449365,-0.4265006588578013,0,1
1407,-0.22150807048216165,-0.6913895373220752,2.1913979715221705,1.1433025168042956,-0.2249259121619454,1.1428163964555138,-0.8104283078748811,2.184429702754646,-0.8115128300038176,0.1758772321783676,0.40375169410523587,0.17584850410169228,-0.4746115307471263,-1.4165500530112904,-0.47918969450003285,-0.4265006588578013,0,1
1075,-0.34675903125737306,1.712422971452857,-0.5877408509859608,-1.1869264743231398,-0.5260909893520792,-1.186770931946818,1.2152234559016426,-1.601036033819843,1.2149536920134962,0.8751004518084297,-1.6046816689403356,0.8765770319217154,1.0134942848864228,0.22228049325965835,1.0168426903455359,0.3305647337137219,0,0
2470,0.6552486549443182,-0.52642201221007,-0.5877408509859608,1.4060964803147242,-0.6766735279471461,1.4065840568407428,0.4179552689925149,0.04265303600855354,0.4182628536432606,-0.8680610761208573,1.1247277731472358,-0.868715760971633,0.9780631940380051,-0.5971347798758161,0.9774734170601259,-0.4265006588578013,1,0
2517,0.3045459647737262,-0.52642201221007,1.6063161141520377,0.07007402246800067,0.07623916502818841,0.07044951488933582,-0.34387877627620633,1.1384457492274846,-0.3436885586352492,0.6655293467652459,-2.480152622062764,0.6676641789070501,0.4820279221601552,1.0416957663951327,0.4787959554449365,-1.1835660514293245,0,1
1622,-0.3217088391023308,-0.6913895373220752,2.703344596721037,-1.8319662029396462,1.9836179872323692,-1.832136887889367,-0.9364163670407674,0.04265303600855354,-0.9365747639340292,2.1188168228591007,1.1762260645073788,2.116997096696289,0.9072010123411697,-0.5971347798758161,0.9118579615844433,0.3305647337137219,0,1
2339,0.37969654123885305,-0.6913895373220752,0.8018285602681048,-0.4463253044301144,0.17662752409156635,-0.44627565586533463,-0.30450750778686675,0.8894019507686367,-0.30431720906462717,-0.16296203111575244,0.8157380249863787,-0.16363488204713825,-0.7226291666860516,-1.0068424164435532,-0.7285284253076275,1.087630126285245,0,1
212,0.003943658913218867,-0.52642201221007,-0.5877408509859608,0.48907418806504716,0.22682170362325532,0.48880232050033434,0.4730750448775906,0.839593191076867,0.4738459353900217,0.9573620070590255,-0.008234636775906986,0.9592717029066867,1.5449606476126905,-0.5971347798758161,1.5417663341509986,-1.1835660514293245,0,0
1987,0.9057505764947409,-0.52642201221007,-0.5877408509859608,-1.383562516949824,0.728763498940145,-1.3835156622341613,0.9632473375698689,2.184429702754646,0.9625138624136252,-0.17079646494914205,-0.05973292813604984,-0.17233958425608245,-0.4746115307471263,-1.0068424164435532,-0.47918969450003285,-0.4265006588578013,0,0
831,-1.0481644115985569,1.712422971452857,-0.5877408509859608,-0.010785658612131273,-1.028032784668969,-0.010626610229074795,0.622685865137081,-0.05696448337498566,0.6220674867147168,-0.49396686057648176,0.24925682002480729,-0.49441356598702463,1.5803917384611081,-0.5971347798758161,1.5811356074364087,-1.1835660514293245,0,0
1398,-0.9229134508233454,-0.52642201221007,-0.5877408509859608,0.8327278326556078,1.6824529100422354,0.8325650910023954,-1.8242384714753759,-0.6546695996762208,-1.8235881101427507,-1.2029831224982819,1.6397106867486644,-1.2038467960159915,2.5016001005199726,1.8611110395306072,2.499751984095968,-0.4265006588578013,1,0
422,-0.1463574940170348,-0.52642201221007,1.0212342567819046,-2.5560278926117355,1.2808994737887236,-2.5564169389471685,-1.3281604885096967,-0.505243320600912,-1.3279722979008017,1.2374430166027195,-0.4717192590171927,1.2378221735929071,0.588321194705409,1.0416957663951327,0.5837806842060291,-1.1835660514293245,0,1
741,0.6051482706342336,-0.52642201221007,-0.5877408509859608,-0.9792641115491649,0.6283751398767671,-0.9792160516436871,-0.893107971702494,1.5369158267616414,-0.89257149088451,0.10145011076116187,0.6097448595458073,0.10185853532566508,1.4740984659158551,1.0416957663951327,1.476150878675316,0.3305647337137219,0,0
313,-0.07120691755190797,-0.52642201221007,1.0212342567819046,1.8067194456662867,-0.5762851688837682,1.8065596074249022,-2.115585858296489,2.1346209430628766,-2.115399289313243,-1.8297378291694861,-2.9951355356641924,-1.830585355059987,-0.19116280395978394,0.22228049325965835,-0.19048169040702811,-1.1835660514293245,0,1
838,1.6823065333010516,-0.52642201221007,2.483938900207237,-1.5177160787418609,-2.182498913897815,-1.5175615224299337,0.05377103546612352,-0.10677324306675526,0.05465686054986821,-0.5311804212850846,1.2277243558675215,-0.5292323748228022,0.4111657404633198,-1.0068424164435532,0.41318049996925393,0.3305647337137219,0,1
2158,0.4798973098590222,-0.6913895373220752,1.4600456498095045,0.6581444303235049,1.1303169351936568,0.6585216757482073,1.6601187898311796,-1.2025659562856863,1.6596183459875808,-0.1747136818658374,-1.1411970466990498,-0.17669193536055455,-1.1832333477154833,-0.5971347798758161,-1.1878366136374072,-0.4265006588578013,0,1
2487,0.5800980784791913,-0.52642201221007,-0.5877408509859608,-0.35076386315359465,0.42759842175001117,-0.35114633572639925,-1.1155556386672631,2.5828997802888027,-1.1149038178715527,-1.5790359465010042,-0.16272951085633555,-1.5781489910006,0.9426321031895875,3.0902339492338187,0.9381041437747165,-0.4265006588578013,0,0
1053,-0.34675903125737306,-0.52642201221007,-0.5877408509859608,-0.2000708211406219,0.22682170362325532,-0.19980423550536625,-0.6096348385792487,0.09246179570032313,-0.6100241586718106,0.8594315841416499,0.30075511138495015,0.8591676275038262,-0.12030062226294787,2.270818676098344,-0.12486623493134551,1.087630126285245,0,0
2286,-0.6724115292729227,-0.52642201221007,-0.5877408509859608,2.4646232144546323,-0.7268677074788351,2.464897743386396,0.4238609592659161,-0.05696448337498566,0.42289477712215723,1.135595376768649,1.0732294817870929,1.1377180981900465,0.7300455580990804,0.22228049325965835,0.7281346862525312,1.087630126285245,0,0
2495,-0.7225119135830073,-0.52642201221007,-0.5877408509859608,-0.24785154177888152,0.07623916502818841,-0.24736889557483394,1.1837264411101704,0.14227055539209274,1.1848461894006679,1.208063889727507,-0.7807090071780498,1.2073557158616017,1.084356466583259,0.22228049325965835,1.0824581458212186,-1.1835660514293245,0,0
1292,-0.97301383513343,1.712422971452857,-0.5877408509859608,-0.3691410633990792,-0.024149194035189527,-0.36952359075323915,-0.5643578798165085,-0.05696448337498566,-0.5637049238828431,1.2178569320192445,0.4552499854653787,1.2160604180705459,-1.6438375287449154,-0.18742714330807886,-1.6471448019671873,-0.4265006588578013,0,0
218,1.0811019215800368,-0.6913895373220752,2.9227502932348366,0.1803372239409077,-0.2249259121619454,0.1807130450503746,-1.5250168309563947,-1.6508447935116128,-1.5248290457539122,0.25813878742896296,0.30075511138495015,0.25854317508666447,-1.3249577111091546,-1.0068424164435532,-1.319067524588773,0.3305647337137219,0,1
2493,-0.12130730186199253,-0.52642201221007,2.3376684358647037,-1.3118914359924347,-0.5260909893520792,-1.31216867212996,0.1088908113511992,2.6825172996723423,0.10792398055718055,-1.4634780474585012,0.9187346077066644,-1.464987862284323,1.1197875574316767,-0.18742714330807886,1.1218274191066286,-1.1835660514293245,0,1
2296,-1.3738169096141064,-0.6913895373220752,-0.5877408509859608,-2.565216492734478,0.22682170362325532,-2.5650650589597985,-0.5604207529675742,-0.8539046384432992,-0.5613889621433948,-1.0952596572891686,-0.5747158417374784,-1.0950380184041868,-0.4391804398987086,-1.0068424164435532,-0.43982042121462284,0.3305647337137219,0,0
2635,0.4548471177039799,-0.6913895373220752,1.3137751854669713,-0.8818649502480971,-0.024149194035189527,-0.8819247015015942,-0.5427036821473713,1.0388282298439455,-0.542861268227808,0.04856768238577923,0.40375169410523587,0.04963032207199914,0.4820279221601552,0.22228049325965835,0.4787959554449365,-0.4265006588578013,0,1
2602,1.632206148990967,1.712422971452857,-0.5877408509859608,0.36043378634665557,-0.37550845075701234,0.3601615353124564,0.2644073218840908,-0.05696448337498566,0.26540937883966886,-0.08265908432350394,0.5067482768255216,-0.08094021106216687,-1.0769400751702296,0.22228049325965835,-1.082851884876315,1.087630126285245,0,0
1988,-0.797662490048134,1.712422971452857,-0.5877408509859608,-0.8193824694134496,0.026044985496499442,-0.8192258314100235,0.7329254169072318,1.1882545089192542,0.7332336502082373,-0.10616238582367443,0.09476194594437873,-0.10705431768899945,0.1277170136759768,-1.0068424164435532,0.1244724958762492,-0.4265006588578013,0,0
1010,-0.37180922341241535,-0.52642201221007,-0.5877408509859608,-1.7731591621540956,-0.2249259121619454,-1.7726810628025325,0.3982696347478451,-1.850079832278691,0.3974191979882254,2.9120532484898436,-1.2956919207794784,2.9134773488147,0.8363388306443337,-0.5971347798758161,0.8331194150136239,-1.1835660514293245,0,0
1080,1.2063528823552483,-0.6913895373220752,-0.5877408509859608,0.299789025536557,0.37740424221832225,0.2996246952240429,-1.2612293320778192,-0.20639076245029445,-1.260809407456799,-0.9072332452878075,-0.6777124244577641,-0.9078869209118827,-0.8997846209281405,-0.5971347798758161,-0.8991286095444028,0.3305647337137219,0,0
1791,-1.5241180625443602,-0.6913895373220752,-0.5877408509859608,1.1488156768779412,-0.927644425605591,1.1493024864649861,0.630560118834949,-0.15658200275852485,0.63133133367251,-0.9209435044962399,-0.729210715817907,-0.9209439742252994,-0.22659389480820166,1.0416957663951327,-0.22985096369243813,-1.1835660514293245,0,0
859,-0.34675903125737306,-0.52642201221007,-0.5877408509859608,-0.6190709867376684,0.37740424221832225,-0.6192380561179438,-0.572232133514376,0.09246179570032313,-0.5729687708406368,-0.6565313626193255,-1.759176543020764,-0.6554505568524956,-1.7501308012901688,1.8611110395306072,-1.7521295307282798,-0.4265006588578013,0,0
1421,-0.9229134508233454,-0.6913895373220752,-0.5877408509859608,-0.6337727469340562,0.778957678471834,-0.6332912511384685,0.5419747647339349,0.4909318732344799,0.5410088258340239,1.4176349947706905,-0.4717192590171927,1.416268568876267,-0.4746115307471263,1.45140340296287,-0.47918969450003285,-0.4265006588578013,0,0
2498,0.40474673339389533,-0.52642201221007,-0.5877408509859608,1.9739519679001951,0.8793460375352119,1.974116932669617,1.1561665531676333,-0.8040958787515295,1.1570546485272872,-0.9366123721630202,-0.729210715817907,-0.9383533786431881,-0.08486953141453014,-0.5971347798758161,-0.08549696164593548,-0.4265006588578013,1,0
2684,-1.6994694076296561,-0.52642201221007,-0.5877408509859608,0.08110034261529127,0.5279867808133891,0.08125966490512405,0.057708162315057814,0.4909318732344799,0.05697282228931693,0.7125359497655863,-0.008234636775906986,0.7111876899517718,-0.3328871673534548,0.22228049325965835,-0.3348356924535308,1.087630126285245,0,0
2245,0.7554494235644872,-0.52642201221007,1.0943694889531712,-0.16882958072329793,2.234588884890814,-0.1684548004595809,0.705365528964694,-0.35581704152560323,0.7054421093348575,1.8309013794820164,-0.008234636775906986,1.8297419238011248,0.8717699214927513,-1.4165500530112904,0.8724886882990339,-0.4265006588578013,0,1
2225,0.10414442753338798,-0.52642201221007,-0.5877408509859608,0.8621313530483828,0.2770158831549443,0.8617524960450235,-0.36750153736981045,-1.1527571965939167,-0.36684817602973274,0.05640211621916939,0.352253402745093,0.05833502428094334,0.4820279221601552,-1.0068424164435532,0.4787959554449365,-1.1835660514293245,0,0
2502,1.1061521137350792,-0.52642201221007,-0.5877408509859608,1.2094604376880402,0.778957678471834,1.2098393265533998,1.6896472411981842,-0.4554345609091424,1.68972584860041,0.7771700288910539,0.7642397336262359,0.7764729565188548,-0.4391804398987086,3.499941585801556,-0.43982042121462284,-0.4265006588578013,0,0
1299,0.9308007686497832,1.712422971452857,-0.5877408509859608,-2.4531155712370225,0.17662752409156635,-2.4526394987956026,-0.29269612724006494,0.6901669120015583,-0.2927374003673852,-0.6565313626193255,-0.26572609357662125,-0.6554505568524956,-0.22659389480820166,-0.18742714330807886,-0.22985096369243813,1.8446955188567684,1,0
1765,0.9809011529598678,-0.52642201221007,-0.5877408509859608,-0.3581147432517886,0.678569319408456,-0.35763242573587234,0.7801709390944395,0.14227055539209274,0.7795528849972051,0.6361502198900332,1.0732294817870929,0.6371977211757446,0.37573464961490205,-0.18742714330807886,0.3738112266838439,-0.4265006588578013,0,0
945,-0.7475621057380495,-0.52642201221007,-0.5877408509859608,-1.4092905972935026,0.12643334455987737,-1.4094600222720528,-1.2277637538618806,-1.0531396772103776,-1.2283859431045223,-0.7094137909947082,-0.11123121949619269,-0.707678770106162,-0.4391804398987086,-1.0068424164435532,-0.43982042121462284,0.3305647337137219,0,0
1750,-0.09625710970695026,-0.52642201221007,-0.5877408509859608,0.6489558302007626,-2.132304734366126,0.6487925407339984,0.8175736441593122,-0.4554345609091424,0.8166082728283789,1.542985936104932,0.24925682002480729,1.54248675090596,0.6591833764022444,1.8611110395306072,0.6625192307768486,-1.1835660514293245,0,0
1330,1.9578586470065167,-0.6913895373220752,-0.5877408509859608,1.001798074914065,1.6824529100422354,1.0022844462502682,-0.721842953773867,-0.30600828183383366,-0.7211903221653315,-0.18842394107426977,-1.450186794859907,-0.1897489886739716,-1.4666820745028262,-0.18742714330807886,-1.4634215266352755,-0.4265006588578013,0,0
1670,-0.7225119135830073,-0.6913895373220752,-0.5877408509859608,-0.05305321917674585,-0.17473173263025643,-0.05278619529064838,-0.31828745175813594,0.24188807477563193,-0.31821297950131744,-0.5272632043683898,-0.31722438493676414,-0.5292323748228022,-0.793491348382887,0.6319881298273955,-0.7941438807833101,-0.4265006588578013,0,0
1375,1.3316038431304598,-0.6913895373220752,1.9719922750083707,0.8088374723364776,0.07623916502818841,0.8087827609676617,-0.17458232177204613,-0.05696448337498566,-0.17462335165551895,-0.7427101347866163,-0.008234636775906986,-0.7424975789419396,-0.22659389480820166,-1.0068424164435532,-0.22985096369243813,-1.1835660514293245,0,1
787,-0.34675903125737306,-0.6913895373220752,-0.5877408509859608,1.0514165155768729,1.1805111147253458,1.050930121321315,0.4277980861148498,-0.6546695996762208,0.42752670060105463,-0.5429320720351696,-0.9867021726186213,-0.5422894281362188,0.26944137706964827,-0.5971347798758161,0.2688264979227519,-0.4265006588578013,0,0
767,-2.501075556591009,-0.52642201221007,-0.5877408509859608,-0.6466367871058951,0.3272100626866333,-0.6462634311574139,-1.7395902442232958,-1.7006535532033824,-1.7402134875226094,0.34627616805460104,-1.089698755338907,0.34559019717610795,1.2615119208253482,-0.5971347798758161,1.2661814211531306,-0.4265006588578013,0,0
911,1.181302690200206,-0.6913895373220752,-0.5877408509859608,0.09580210281167856,-0.6766735279471461,0.09531285992564846,-0.5997920214569138,-0.20639076245029445,-0.6007603117140169,-0.703537965619666,0.19775852866466442,-0.7033264190016899,-0.26202498565661936,3.499941585801556,-0.2560971458827113,-0.4265006588578013,0,0
1093,0.9057505764947409,-0.52642201221007,-0.5877408509859608,-1.1942773544213336,1.4816761919154795,-1.1943380369578698,-1.2415436978331493,-0.8539046384432992,-1.242281713541212,0.45008241634701945,-2.0166679998214785,0.45004662368344056,-1.041508984321812,-0.18742714330807886,-1.043482611590905,1.087630126285245,0,0
2749,0.7053490392544027,1.712422971452857,1.3869104176382379,0.30530218561020206,-0.5762851688837682,0.3050297702319374,-0.398998552161282,-0.25619952214206404,-0.3992716403820099,0.8613901925999973,-0.8837055898983356,0.8635199786082983,-1.289526620260737,0.22228049325965835,-1.2928213423984998,-0.4265006588578013,0,1
358,-0.24655826263720393,1.712422971452857,-0.5877408509859608,-0.5694525460748604,0.728763498940145,-0.5695113660453188,0.8746619834688547,0.24188807477563193,0.8745073163145878,1.1551814613521243,-0.31722438493676414,1.155127502607935,-0.6871980758376333,-0.5971347798758161,-0.6891591520222176,-1.1835660514293245,0,0
1412,-0.5722107606527536,-0.52642201221007,-0.5877408509859608,0.24098198475100627,-0.777061887010524,0.24124988513878734,-0.5663264432409754,0.24188807477563193,-0.5660208856222915,-1.3988439683330331,0.9702328990668073,-1.3997025957172402,-0.014007349717694715,-1.4165500530112904,-0.019881506170252878,-1.1835660514293245,0,0
259,0.5049475020140645,-0.6913895373220752,1.9719922750083707,-2.0451417257872664,-0.2751200916936344,-2.045096843200392,0.16401058723627432,-1.5512272741280735,0.16350706230394163,-0.07090743357341897,-2.9951355356641924,-0.0722355088532219,0.4111657404633198,-0.18742714330807886,0.41318049996925393,-0.4265006588578013,0,1
2500,-0.1463574940170348,-0.52642201221007,-0.5877408509859608,-0.4058954638900482,0.12643334455987737,-0.4062781008069186,1.1561665531676333,-0.505243320600912,1.1570546485272872,0.5675989238478703,0.8672363163465215,0.5675601035041895,1.3323741025221836,-1.0068424164435532,1.3317968766288133,-1.1835660514293245,0,0
2260,2.1833103764018973,-0.52642201221007,1.3137751854669713,0.34573202615026827,0.728763498940145,0.3461083402919316,-0.6745974315866593,-1.6508447935116128,-0.6748710873763645,-0.049362740531596436,0.9187346077066644,-0.05047375333086141,1.4740984659158551,-0.5971347798758161,1.476150878675316,-0.4265006588578013,1,1
2440,0.15424481184347255,-0.52642201221007,-0.5877408509859608,1.4796052812966622,0.37740424221832225,1.4800930769481018,-1.9384151500944606,0.4909318732344799,-1.9393861971151685,-1.3968853598746858,2.46368334851095,-1.3953502446127681,-0.15573171311136558,0.22228049325965835,-0.15111241712161866,-0.4265006588578013,0,0
1385,-0.8978632586683032,1.712422971452857,1.533180881980771,-0.4022200238409515,0.17662752409156635,-0.4019540408006035,2.3884872568839626,-0.9535221578268384,2.3891462939138144,0.1758772321783676,-0.2142278022164784,0.17584850410169228,-0.4746115307471263,0.6319881298273955,-0.47918969450003285,-0.4265006588578013,0,1
2275,-1.148365180218726,1.712422971452857,-0.5877408509859608,-1.357834436606146,-1.1786153232640357,-1.35757130219627,-1.523048267531928,-0.0071557236832160585,-1.5225130840144638,-2.0491019765044074,-0.4202209676570498,-2.0482029102835964,0.9426321031895875,-0.5971347798758161,0.9381041437747165,-1.1835660514293245,1,0
772,2.6091636430376157,1.712422971452857,1.1675047211244378,-0.0769435794958754,1.9334238077006802,-0.07656852532538204,-0.9029507888248289,-0.10677324306675526,-0.9018353378423037,-0.397995046117454,-1.8621731257410499,-0.39866184168863616,-0.8643535300797228,0.22228049325965835,-0.8597593362589934,0.3305647337137219,0,1
1337,1.181302690200206,-0.52642201221007,2.1913979715221705,0.5368549087033068,0.47779260128170015,0.5363669805698025,-1.6588791438201496,-1.3519922353609952,-1.659154826641917,-1.790565660002536,0.24925682002480729,-1.7914141951197373,2.2181513737326295,-0.18742714330807886,2.2241670710981,0.3305647337137219,0,1
1691,0.5800980784791913,-0.52642201221007,1.6063161141520377,-0.6521499471795407,-3.2867708635949726,-0.651668506165308,1.2093177656282414,0.04265303600855354,1.2103217685345997,0.4990476278057073,-0.9352038812584784,0.49792248583263443,0.6237522855538267,1.0416957663951327,0.6231499574914392,0.3305647337137219,0,1
2744,-0.021106533241823412,1.712422971452857,-0.5877408509859608,1.5531140822786003,0.829151858003523,1.5536020970554607,-0.13521105328270652,0.5407406329262495,-0.13525200208489727,1.208063889727507,0.5582465681856644,1.2073557158616017,-0.9706468026249763,-0.18742714330807886,-0.9647440650200859,0.3305647337137219,0,0
2292,1.281503458820375,1.712422971452857,0.8749637924393714,0.6360917900289232,0.37740424221832225,0.6358203607150522,-2.052591828713546,-0.9037133981350688,-2.0528683223481377,-0.5938558919522053,2.3091884744305213,-0.5945176413898852,-0.8289224392313047,0.22228049325965835,-0.8335131540687202,-0.4265006588578013,0,1
456,-0.9229134508233454,-0.6913895373220752,1.6794513463233043,0.8933725934657063,-0.6264793484154572,0.8931019310908088,0.9376560130517979,0.44112311354271033,0.9370382832796934,-0.6643657964527158,1.2277243558675215,-0.6641552590614402,-0.4391804398987086,-1.4165500530112904,-0.43982042121462284,1.087630126285245,0,1
462,-0.7225119135830073,-0.6913895373220752,0.948099024610638,0.12336790317990533,0.37740424221832225,0.12341924996669726,2.6404633752157363,-0.7044783593679904,2.6415861235136853,-0.27068549632486566,0.9702328990668073,-0.272443659658943,2.2181513737326295,-0.18742714330807886,2.2241670710981,-0.4265006588578013,0,1
2098,-0.44695979987754214,-0.6913895373220752,2.1913979715221705,-1.3247554761642737,-0.5260909893520792,-1.3251408521489056,-1.190361048797008,-0.30600828183383366,-1.1913305552733486,1.0298305200178832,-1.089698755338907,1.0289093205782418,0.09228592282755907,-1.0068424164435532,0.09822631368597604,-1.1835660514293245,0,1
564,-1.599268639009487,-0.52642201221007,-0.5877408509859608,0.47804786791775655,-0.5762851688837682,0.4779921704845469,-0.29269612724006494,-0.6048608399844512,-0.2927374003673852,2.0776860452338033,-0.729210715817907,2.0778259367560397,-0.6517669849892155,2.6805263126660814,-0.649789878736808,-1.1835660514293245,0,0
381,1.632206148990967,-0.6913895373220752,-0.5877408509859608,0.025968741878837742,0.37740424221832225,0.02612789982460467,1.041989874548548,-2.2983586695046174,1.0412565615548695,-1.7376832316271529,-0.31722438493676414,-1.739185981866071,0.4820279221601552,0.6319881298273955,0.4787959554449365,-0.4265006588578013,0,0
1278,0.37969654123885305,-0.6913895373220752,-0.5877408509859608,0.3291925459293321,-0.8272560665422131,0.32881210026667107,-0.6450689802196546,0.6403581523097887,-0.644763584763536,0.7595425527659267,2.3091884744305213,0.7590635521009657,0.6237522855538267,0.6319881298273955,0.6231499574914392,-0.4265006588578013,0,0
2407,-2.0501720978002482,-0.52642201221007,-0.5877408509859608,1.0606051156996152,-0.12453755309856747,1.060659256335524,0.12267075532246784,1.0388282298439455,0.12181975099387124,-0.36861591924224135,-0.26572609357662125,-0.3681953839573315,-2.0335795280775115,-0.18742714330807886,-2.027714443726148,-1.1835660514293245,1,0
790,0.7804996157195295,-0.52642201221007,2.2645332036934374,-0.07878129952042427,-0.37550845075701234,-0.0787305553285396,-0.26907336614646143,-0.30600828183383366,-0.2695777829729017,0.47946154322223217,0.9187346077066644,0.480513081414746,-0.58090480329238,-0.5971347798758161,-0.5841744232611255,0.3305647337137219,0,1
1626,-0.9980640272884723,-0.6913895373220752,1.2406399532957046,-0.29930770246623833,-1.1284211437323468,-0.2992576156506168,-1.7258103002520269,0.5905493926180191,-1.7263177170859196,-1.3107065877073951,0.9187346077066644,-1.3126555736277963,-0.12030062226294787,-0.5971347798758161,-0.12486623493134551,1.087630126285245,0,1
1894,0.4798973098590222,-0.52642201221007,-0.5877408509859608,0.08293806263983962,0.12643334455987737,0.08342169490828164,0.16007346038734058,-0.7044783593679904,0.1611911005644929,-0.6134419765356804,-1.5531833775801926,-0.6119270458077739,-0.014007349717694715,0.6319881298273955,-0.019881506170252878,0.3305647337137219,0,0
785,1.2314030745102906,-0.52642201221007,1.4600456498095045,-0.10267165983955381,-1.2790036823274138,-0.10251288536327366,-0.6096348385792487,-1.003330917518608,-0.6100241586718106,0.011354121677176364,1.5367141040283787,0.010459162131749493,0.26944137706964827,-0.18742714330807886,0.2688264979227519,-0.4265006588578013,0,1
1189,0.054044043223303424,1.712422971452857,-0.5877408509859608,-0.24601382175433317,-0.8272560665422131,-0.24628788057325496,-0.1667080680741781,-0.4554345609091424,-0.1676754664371736,-0.6486969287859354,0.7642397336262359,-0.6467458546435515,-0.8997846209281405,0.6319881298273955,-0.8991286095444028,-0.4265006588578013,0,0
2179,-0.9229134508233454,-0.52642201221007,2.557074132378504,-1.1317948735866863,-0.024149194035189527,-1.131639166866299,-1.11752420209173,0.3913143538509407,-1.117219779611001,-0.8406405577039919,-0.4717192590171927,-0.8426016543447997,-0.6163358941407978,0.6319881298273955,-0.6104206054513986,-0.4265006588578013,0,1
798,-0.09625710970695026,-0.6913895373220752,-0.5877408509859608,0.6912233907653768,-0.9778386051372799,0.690952125795572,2.355021678668024,-2.447784948579926,2.3544068678220884,-0.985577583621708,0.5067482768255216,-0.9862292407923821,-2.139872800622765,-0.5971347798758161,-2.1458222635823767,-1.1835660514293245,0,0
2227,-0.2716084547922462,-0.6913895373220752,1.3869104176382379,-0.4279481041846299,-2.483663991087949,-0.42789840083849473,0.7014284021157602,0.8894019507686367,0.7008101858559609,-1.524194909667274,0.5582465681856644,-1.5259207777469337,0.8363388306443337,0.6319881298273955,0.8331194150136239,0.3305647337137219,0,1
2325,0.15424481184347255,-0.52642201221007,-0.5877408509859608,0.4504820675495298,0.37740424221832225,0.4509667954450767,-0.7572770954142722,0.4909318732344799,-0.7582457099965052,-0.9013574199127647,0.09476194594437873,-0.8991822187029381,1.1197875574316767,-1.4165500530112904,1.1218274191066286,1.087630126285245,0,0
1057,0.15424481184347255,1.712422971452857,-0.5877408509859608,0.26487234507013635,-0.877450246073902,0.265032215173521,0.9238760690805292,-0.8040958787515295,0.9231425128430027,0.8692246264333874,-0.36872267629690697,0.8678723297127704,0.3403035587664837,1.0416957663951327,0.33444195339843447,0.3305647337137219,1,0
542,0.4548471177039799,-0.52642201221007,-0.5877408509859608,-0.05856637925039089,-0.5260909893520792,-0.0581912702985425,0.4691379180286563,-0.9535221578268384,0.46921401191112505,0.07011237542760176,-1.1926953380591927,0.07139207759436039,-0.9706468026249763,4.31935685893703,-0.9647440650200859,-0.4265006588578013,0,0
1588,-1.4489674860792334,-0.52642201221007,-0.5877408509859608,-0.01262337863667962,-0.17473173263025643,-0.012788640232232367,1.020335676879411,1.2878720283027933,1.0204129058998341,0.5186337123891824,0.712741442266093,0.5196842413549957,-0.793491348382887,0.22228049325965835,-0.7941438807833101,-1.1835660514293245,0,0
1582,-0.17140768617207708,-0.6913895373220752,-0.5877408509859608,-0.1816936208951374,0.6283751398767671,-0.18142698047852632,1.3963312909526047,-0.30600828183383366,1.3955987076904686,-1.769020966960713,-1.1411970466990498,-1.769652439597376,-0.5454737124439624,-0.18742714330807886,-0.5448051499757155,-0.4265006588578013,1,0
858,-0.04615672539686569,-0.52642201221007,2.483938900207237,0.6618198703726016,1.2307052942570347,0.6617647207529438,0.6187487382881472,0.19207931508386233,0.6197515249752681,0.28360069738748084,-0.008234636775906986,0.284657281713497,-0.3328871673534548,-0.18742714330807886,-0.3348356924535308,0.3305647337137219,0,1
2022,1.4067544195955866,-0.52642201221007,-0.5877408509859608,0.007591541633353235,1.1303169351936568,0.007750644797765128,-0.13521105328270652,-0.10677324306675526,-0.13525200208489727,0.5147164954724877,-0.6262141330976213,0.5153318902505236,-0.6517669849892155,0.22228049325965835,-0.649789878736808,-1.1835660514293245,1,0
2273,0.5299976941691067,1.712422971452857,1.4600456498095045,-0.2570401419016238,-1.9315280162393704,-0.2570980305890432,0.6502457530796188,-0.6048608399844512,0.6498590275880964,-0.6056075427022903,-0.8322072985381926,-0.6075746947033015,-0.8997846209281405,-0.5971347798758161,-0.8991286095444028,0.3305647337137219,0,1
565,-0.07120691755190797,-0.52642201221007,-0.5877408509859608,0.6765216305689894,-0.7268677074788351,0.6768989307750473,-0.19820508286564967,0.6901669120015583,-0.19778296905000287,-0.2648096709498229,-1.089698755338907,-0.2637389574499988,0.26944137706964827,1.8611110395306072,0.2688264979227519,-1.1835660514293245,0,0
2735,1.5821057646808825,1.712422971452857,1.6063161141520377,1.0808200359696487,-0.024149194035189527,1.0811985413655216,0.5734717795254065,1.0388282298439455,0.573432290186301,0.10340871921950982,-1.759176543020764,0.10185853532566508,1.0489253757348407,1.45140340296287,1.0430888725358092,-0.4265006588578013,0,1
2715,-0.8477628743582186,-0.52642201221007,2.4108036680359706,-0.09715849976590878,-0.7268677074788351,-0.09710781035537953,-0.7927112370546782,-0.35581704152560323,-0.7929851360882307,-0.8954815945377219,0.40375169410523587,-0.8948298675984661,1.1197875574316767,-1.4165500530112904,1.1218274191066286,-1.1835660514293245,0,1
788,0.1792950039985148,-0.52642201221007,-0.5877408509859608,-1.4148037573671477,1.4314820123837906,-1.4148650972799466,0.8156050807348453,0.14227055539209274,0.8166082728283789,-0.603648934243943,-0.5747158417374784,-0.6032223435988293,-0.8289224392313047,-0.5971347798758161,-0.8335131540687202,-0.4265006588578013,0,0
1506,-2.0000717134901635,-0.52642201221007,-0.5877408509859608,1.1892455174180068,-0.9778386051372799,1.1893000415234025,-0.6470375436441215,0.839593191076867,-0.6470795465029844,1.5762822798968397,-0.6777124244577641,1.5773055597417378,-1.289526620260737,-1.4165500530112904,-1.2928213423984998,-0.4265006588578013,0,0
1770,-0.021106533241823412,-0.52642201221007,-0.5877408509859608,-0.8984044304690332,0.37740424221832225,-0.8981399265252765,-0.48561534283782926,-0.9535221578268384,-0.484962224741599,-2.180328743213691,-0.9867021726186213,-2.178773443417762,-2.1044417097743473,-0.18742714330807886,-2.106452990296967,-0.4265006588578013,0,0
435,-1.874820752714952,-0.52642201221007,-0.5877408509859608,1.001798074914065,0.42759842175001117,1.0022844462502682,0.3077157172223641,1.4372983073781023,0.3070966901497393,-0.18450672415757496,-0.31722438493676414,-0.1853966375694995,-2.38789043656169,0.6319881298273955,-2.382037903294835,1.087630126285245,0,0
691,0.2544455804636417,-0.6913895373220752,-0.5877408509859608,-1.4827993982754406,0.5781809603450782,-1.4829690423794117,1.3707399664345337,1.7859596252204895,1.3701231285565358,0.47554432630553733,-0.31722438493676414,0.47616073031027395,-0.4391804398987086,0.6319881298273955,-0.43982042121462284,1.087630126285245,0,0
237,0.6552486549443182,-0.52642201221007,-0.5877408509859608,1.5917062027941182,0.2770158831549443,1.5914376221107192,1.258531851239916,3.3798399353571167,1.2589569650630155,0.121036195344637,0.9702328990668073,0.11926793974355424,-1.5375442561996615,-1.0068424164435532,-1.5421600732060945,-0.4265006588578013,0,0
789,-1.1984655645288105,-0.52642201221007,-0.5877408509859608,0.4615083876968204,-0.7268677074788351,0.4617769454608641,-0.794679800479145,-0.25619952214206404,-0.795301097827679,-1.009080885121878,2.154693600350093,-1.0079909963147429,0.16314810452439452,-1.0068424164435532,0.16384176916165924,1.087630126285245,0,0
109,-0.44695979987754214,-0.6913895373220752,-0.5877408509859608,1.6817544839969918,-0.6766735279471461,1.6822428822433386,0.30377859037343036,1.2878720283027933,0.30478072841029136,-1.5653256872925718,0.24925682002480729,-1.5650919376871832,0.5174590130085729,-0.18742714330807886,0.5181652287303465,-0.4265006588578013,1,0
1854,1.4819049960607134,1.712422971452857,-0.5877408509859608,-1.0693123927520392,-0.17473173263025643,-1.068940296774728,-2.196296958699635,-0.15658200275852485,-2.196457950193936,-0.985577583621708,-0.4202209676570498,-0.9862292407923821,0.021423741130723633,0.22228049325965835,0.019487767115156568,-0.4265006588578013,0,0
163,1.0811019215800368,1.712422971452857,-0.5877408509859608,0.4321048673040453,-0.024149194035189527,0.4325895404182368,0.919938942231595,0.14227055539209274,0.9208265511035548,-0.13162429578219179,-0.31722438493676414,-0.1331684243158328,0.588321194705409,2.6805263126660814,0.5837806842060291,-1.1835660514293245,1,0
1883,0.7053490392544027,-0.6913895373220752,-0.5877408509859608,-0.34341298305540074,1.0801227556619677,-0.34357923071534757,0.38842681762551023,-0.25619952214206404,0.38815535103043214,0.46379267555545184,0.19775852866466442,0.4631036769968569,-0.22659389480820166,-0.5971347798758161,-0.22985096369243813,-0.4265006588578013,0,0
252,0.6802988470993604,1.712422971452857,1.752586578494571,0.7996488722137354,-0.9778386051372799,0.8001346409550314,-0.23757635135498928,-1.3021834756692257,-0.23715431862062453,-0.9033160283711121,0.043263654584235874,-0.9035345698074106,-0.2974560765050371,-1.0068424164435532,-0.2954664191681207,0.3305647337137219,1,1
2543,0.6802988470993604,-0.6913895373220752,-0.5877408509859608,0.8805085532938673,1.4816761919154795,0.8801297510718634,2.0026488256884347,-1.4516097547445344,2.002380683425938,-0.18646533261592238,-0.9352038812584784,-0.1853966375694995,-1.679268619593333,1.0416957663951327,-1.6733909841574603,-0.4265006588578013,0,0
1778,1.1312023058901215,-0.6913895373220752,-0.5877408509859608,-1.3045405558942407,-1.5801687595175475,-1.3046015671189082,1.2782174854845858,-0.10677324306675526,1.277484658978602,0.5343025800559628,-1.038200463978764,0.532741294668412,0.8363388306443337,-1.0068424164435532,0.8331194150136239,-0.4265006588578013,0,0
